Dia: 1.8 m | Vel: 17.5 km/s | theta: 31.9 deg | Strength: 2.5e+05 Pa
Power (W)    Time (sec)
6.4918e+08   3.0000e-03
6.5092e+08   6.0000e-03
6.5267e+08   9.0000e-03
6.5443e+08   1.2000e-02
6.5619e+08   1.5000e-02
6.5795e+08   1.8000e-02
6.5972e+08   2.1000e-02
6.6149e+08   2.4000e-02
6.6327e+08   2.7000e-02
6.6506e+08   3.0000e-02
6.6685e+08   3.3000e-02
6.6864e+08   3.6000e-02
6.7044e+08   3.9000e-02
6.7225e+08   4.2000e-02
6.7406e+08   4.5000e-02
6.7587e+08   4.8000e-02
6.7770e+08   5.1000e-02
6.7952e+08   5.4000e-02
6.8135e+08   5.7000e-02
6.8319e+08   6.0000e-02
6.8503e+08   6.3000e-02
6.8688e+08   6.6000e-02
6.8873e+08   6.9000e-02
6.9059e+08   7.2000e-02
6.9245e+08   7.5000e-02
6.9432e+08   7.8000e-02
6.9620e+08   8.1000e-02
6.9808e+08   8.4000e-02
6.9996e+08   8.7000e-02
7.0185e+08   9.0000e-02
7.0375e+08   9.3000e-02
7.0565e+08   9.6000e-02
7.0756e+08   9.9000e-02
7.0947e+08   1.0200e-01
7.1139e+08   1.0500e-01
7.1331e+08   1.0800e-01
7.1524e+08   1.1100e-01
7.1718e+08   1.1400e-01
7.1912e+08   1.1700e-01
7.2106e+08   1.2000e-01
7.2301e+08   1.2300e-01
7.2497e+08   1.2600e-01
7.2694e+08   1.2900e-01
7.2890e+08   1.3200e-01
7.3088e+08   1.3500e-01
7.3286e+08   1.3800e-01
7.3485e+08   1.4100e-01
7.3684e+08   1.4400e-01
7.3883e+08   1.4700e-01
7.4084e+08   1.5000e-01
7.4285e+08   1.5300e-01
7.4486e+08   1.5600e-01
7.4688e+08   1.5900e-01
7.4891e+08   1.6200e-01
7.5094e+08   1.6500e-01
7.5298e+08   1.6800e-01
7.5503e+08   1.7100e-01
7.5708e+08   1.7400e-01
7.5913e+08   1.7700e-01
7.6120e+08   1.8000e-01
7.6326e+08   1.8300e-01
7.6534e+08   1.8600e-01
7.6742e+08   1.8900e-01
7.6951e+08   1.9200e-01
7.7160e+08   1.9500e-01
7.7370e+08   1.9800e-01
7.7580e+08   2.0100e-01
7.7791e+08   2.0400e-01
7.8003e+08   2.0700e-01
7.8215e+08   2.1000e-01
7.8428e+08   2.1300e-01
7.8642e+08   2.1600e-01
7.8856e+08   2.1900e-01
7.9071e+08   2.2200e-01
7.9286e+08   2.2500e-01
7.9502e+08   2.2800e-01
7.9719e+08   2.3100e-01
7.9936e+08   2.3400e-01
8.0154e+08   2.3700e-01
8.0373e+08   2.4000e-01
8.0592e+08   2.4300e-01
8.0812e+08   2.4600e-01
8.1033e+08   2.4900e-01
8.1254e+08   2.5200e-01
8.1476e+08   2.5500e-01
8.1698e+08   2.5800e-01
8.1921e+08   2.6100e-01
8.2145e+08   2.6400e-01
8.2369e+08   2.6700e-01
8.2595e+08   2.7000e-01
8.2820e+08   2.7300e-01
8.3047e+08   2.7600e-01
8.3274e+08   2.7900e-01
8.3502e+08   2.8200e-01
8.3730e+08   2.8500e-01
8.3959e+08   2.8800e-01
8.4189e+08   2.9100e-01
8.4419e+08   2.9400e-01
8.4650e+08   2.9700e-01
8.4882e+08   3.0000e-01
8.5114e+08   3.0300e-01
8.5348e+08   3.0600e-01
8.5581e+08   3.0900e-01
8.5816e+08   3.1200e-01
8.6051e+08   3.1500e-01
8.6287e+08   3.1800e-01
8.6524e+08   3.2100e-01
8.6761e+08   3.2400e-01
8.6999e+08   3.2700e-01
8.7237e+08   3.3000e-01
8.7477e+08   3.3300e-01
8.7717e+08   3.3600e-01
8.7958e+08   3.3900e-01
8.8199e+08   3.4200e-01
8.8441e+08   3.4500e-01
8.8684e+08   3.4800e-01
8.8928e+08   3.5100e-01
8.9172e+08   3.5400e-01
8.9417e+08   3.5700e-01
8.9663e+08   3.6000e-01
8.9909e+08   3.6300e-01
9.0157e+08   3.6600e-01
9.0405e+08   3.6900e-01
9.0653e+08   3.7200e-01
9.0903e+08   3.7500e-01
9.1153e+08   3.7800e-01
9.1404e+08   3.8100e-01
9.1655e+08   3.8400e-01
9.1908e+08   3.8700e-01
9.2161e+08   3.9000e-01
9.2415e+08   3.9300e-01
9.2669e+08   3.9600e-01
9.2925e+08   3.9900e-01
9.3181e+08   4.0200e-01
9.3438e+08   4.0500e-01
9.3695e+08   4.0800e-01
9.3954e+08   4.1100e-01
9.4213e+08   4.1400e-01
9.4473e+08   4.1700e-01
9.4733e+08   4.2000e-01
9.4995e+08   4.2300e-01
9.5257e+08   4.2600e-01
9.5520e+08   4.2900e-01
9.5784e+08   4.3200e-01
9.6048e+08   4.3500e-01
9.6314e+08   4.3800e-01
9.6580e+08   4.4100e-01
9.6847e+08   4.4400e-01
9.7114e+08   4.4700e-01
9.7383e+08   4.5000e-01
9.7652e+08   4.5300e-01
9.7922e+08   4.5600e-01
9.8193e+08   4.5900e-01
9.8465e+08   4.6200e-01
9.8737e+08   4.6500e-01
9.9010e+08   4.6800e-01
9.9285e+08   4.7100e-01
9.9559e+08   4.7400e-01
9.9835e+08   4.7700e-01
1.0011e+09   4.8000e-01
1.0039e+09   4.8300e-01
1.0067e+09   4.8600e-01
1.0095e+09   4.8900e-01
1.0123e+09   4.9200e-01
1.0151e+09   4.9500e-01
1.0179e+09   4.9800e-01
1.0207e+09   5.0100e-01
1.0235e+09   5.0400e-01
1.0264e+09   5.0700e-01
1.0292e+09   5.1000e-01
1.0321e+09   5.1300e-01
1.0349e+09   5.1600e-01
1.0378e+09   5.1900e-01
1.0407e+09   5.2200e-01
1.0436e+09   5.2500e-01
1.0465e+09   5.2800e-01
1.0494e+09   5.3100e-01
1.0523e+09   5.3400e-01
1.0552e+09   5.3700e-01
1.0582e+09   5.4000e-01
1.0611e+09   5.4300e-01
1.0641e+09   5.4600e-01
1.0670e+09   5.4900e-01
1.0700e+09   5.5200e-01
1.0730e+09   5.5500e-01
1.0760e+09   5.5800e-01
1.0790e+09   5.6100e-01
1.0820e+09   5.6400e-01
1.0850e+09   5.6700e-01
1.0880e+09   5.7000e-01
1.0910e+09   5.7300e-01
1.0941e+09   5.7600e-01
1.0971e+09   5.7900e-01
1.1002e+09   5.8200e-01
1.1033e+09   5.8500e-01
1.1063e+09   5.8800e-01
1.1094e+09   5.9100e-01
1.1125e+09   5.9400e-01
1.1156e+09   5.9700e-01
1.1187e+09   6.0000e-01
1.1219e+09   6.0300e-01
1.1250e+09   6.0600e-01
1.1281e+09   6.0900e-01
1.1313e+09   6.1200e-01
1.1344e+09   6.1500e-01
1.1376e+09   6.1800e-01
1.1408e+09   6.2100e-01
1.1440e+09   6.2400e-01
1.1472e+09   6.2700e-01
1.1504e+09   6.3000e-01
1.1536e+09   6.3300e-01
1.1568e+09   6.3600e-01
1.1601e+09   6.3900e-01
1.1633e+09   6.4200e-01
1.1666e+09   6.4500e-01
1.1698e+09   6.4800e-01
1.1731e+09   6.5100e-01
1.1764e+09   6.5400e-01
1.1797e+09   6.5700e-01
1.1830e+09   6.6000e-01
1.1863e+09   6.6300e-01
1.1896e+09   6.6600e-01
1.1930e+09   6.6900e-01
1.1963e+09   6.7200e-01
1.1997e+09   6.7500e-01
1.2031e+09   6.7800e-01
1.2064e+09   6.8100e-01
1.2098e+09   6.8400e-01
1.2132e+09   6.8700e-01
1.2166e+09   6.9000e-01
1.2200e+09   6.9300e-01
1.2235e+09   6.9600e-01
1.2269e+09   6.9900e-01
1.2303e+09   7.0200e-01
1.2338e+09   7.0500e-01
1.2373e+09   7.0800e-01
1.2407e+09   7.1100e-01
1.2442e+09   7.1400e-01
1.2477e+09   7.1700e-01
1.2512e+09   7.2000e-01
1.2548e+09   7.2300e-01
1.2583e+09   7.2600e-01
1.2618e+09   7.2900e-01
1.2654e+09   7.3200e-01
1.2690e+09   7.3500e-01
1.2725e+09   7.3800e-01
1.2761e+09   7.4100e-01
1.2797e+09   7.4400e-01
1.2833e+09   7.4700e-01
1.2869e+09   7.5000e-01
1.2906e+09   7.5300e-01
1.2942e+09   7.5600e-01
1.2978e+09   7.5900e-01
1.3015e+09   7.6200e-01
1.3052e+09   7.6500e-01
1.3089e+09   7.6800e-01
1.3126e+09   7.7100e-01
1.3163e+09   7.7400e-01
1.3200e+09   7.7700e-01
1.3237e+09   7.8000e-01
1.3274e+09   7.8300e-01
1.3312e+09   7.8600e-01
1.3349e+09   7.8900e-01
1.3387e+09   7.9200e-01
1.3425e+09   7.9500e-01
1.3463e+09   7.9800e-01
1.3501e+09   8.0100e-01
1.3539e+09   8.0400e-01
1.3578e+09   8.0700e-01
1.3616e+09   8.1000e-01
1.3654e+09   8.1300e-01
1.3693e+09   8.1600e-01
1.3732e+09   8.1900e-01
1.3771e+09   8.2200e-01
1.3810e+09   8.2500e-01
1.3849e+09   8.2800e-01
1.3888e+09   8.3100e-01
1.3927e+09   8.3400e-01
1.3967e+09   8.3700e-01
1.4007e+09   8.4000e-01
1.4046e+09   8.4300e-01
1.4086e+09   8.4600e-01
1.4126e+09   8.4900e-01
1.4166e+09   8.5200e-01
1.4206e+09   8.5500e-01
1.4247e+09   8.5800e-01
1.4287e+09   8.6100e-01
1.4328e+09   8.6400e-01
1.4368e+09   8.6700e-01
1.4409e+09   8.7000e-01
1.4450e+09   8.7300e-01
1.4491e+09   8.7600e-01
1.4532e+09   8.7900e-01
1.4573e+09   8.8200e-01
1.4615e+09   8.8500e-01
1.4656e+09   8.8800e-01
1.4698e+09   8.9100e-01
1.4740e+09   8.9400e-01
1.4782e+09   8.9700e-01
1.4824e+09   9.0000e-01
1.4866e+09   9.0300e-01
1.4908e+09   9.0600e-01
1.4951e+09   9.0900e-01
1.4993e+09   9.1200e-01
1.5036e+09   9.1500e-01
1.5079e+09   9.1800e-01
1.5122e+09   9.2100e-01
1.5165e+09   9.2400e-01
1.5208e+09   9.2700e-01
1.5252e+09   9.3000e-01
1.5295e+09   9.3300e-01
1.5339e+09   9.3600e-01
1.5382e+09   9.3900e-01
1.5426e+09   9.4200e-01
1.5470e+09   9.4500e-01
1.5515e+09   9.4800e-01
1.5559e+09   9.5100e-01
1.5603e+09   9.5400e-01
1.5648e+09   9.5700e-01
1.5692e+09   9.6000e-01
1.5737e+09   9.6300e-01
1.5782e+09   9.6600e-01
1.5827e+09   9.6900e-01
1.5873e+09   9.7200e-01
1.5918e+09   9.7500e-01
1.5963e+09   9.7800e-01
1.6009e+09   9.8100e-01
1.6055e+09   9.8400e-01
1.6101e+09   9.8700e-01
1.6147e+09   9.9000e-01
1.6193e+09   9.9300e-01
1.6239e+09   9.9600e-01
1.6286e+09   9.9900e-01
1.6333e+09   1.0020e+00
1.6379e+09   1.0050e+00
1.6426e+09   1.0080e+00
1.6473e+09   1.0110e+00
1.6521e+09   1.0140e+00
1.6568e+09   1.0170e+00
1.6615e+09   1.0200e+00
1.6663e+09   1.0230e+00
1.6711e+09   1.0260e+00
1.6759e+09   1.0290e+00
1.6807e+09   1.0320e+00
1.6855e+09   1.0350e+00
1.6903e+09   1.0380e+00
1.6952e+09   1.0410e+00
1.7001e+09   1.0440e+00
1.7049e+09   1.0470e+00
1.7098e+09   1.0500e+00
1.7148e+09   1.0530e+00
1.7197e+09   1.0560e+00
1.7246e+09   1.0590e+00
1.7296e+09   1.0620e+00
1.7346e+09   1.0650e+00
1.7395e+09   1.0680e+00
1.7445e+09   1.0710e+00
1.7496e+09   1.0740e+00
1.7546e+09   1.0770e+00
1.7596e+09   1.0800e+00
1.7647e+09   1.0830e+00
1.7698e+09   1.0860e+00
1.7749e+09   1.0890e+00
1.7800e+09   1.0920e+00
1.7851e+09   1.0950e+00
1.7903e+09   1.0980e+00
1.7954e+09   1.1010e+00
1.8006e+09   1.1040e+00
1.8058e+09   1.1070e+00
1.8110e+09   1.1100e+00
1.8162e+09   1.1130e+00
1.8215e+09   1.1160e+00
1.8267e+09   1.1190e+00
1.8320e+09   1.1220e+00
1.8373e+09   1.1250e+00
1.8426e+09   1.1280e+00
1.8479e+09   1.1310e+00
1.8532e+09   1.1340e+00
1.8586e+09   1.1370e+00
1.8639e+09   1.1400e+00
1.8693e+09   1.1430e+00
1.8747e+09   1.1460e+00
1.8801e+09   1.1490e+00
1.8856e+09   1.1520e+00
1.8910e+09   1.1550e+00
1.8965e+09   1.1580e+00
1.9020e+09   1.1610e+00
1.9075e+09   1.1640e+00
1.9130e+09   1.1670e+00
1.9185e+09   1.1700e+00
1.9241e+09   1.1730e+00
1.9297e+09   1.1760e+00
1.9352e+09   1.1790e+00
1.9408e+09   1.1820e+00
1.9465e+09   1.1850e+00
1.9521e+09   1.1880e+00
1.9578e+09   1.1910e+00
1.9634e+09   1.1940e+00
1.9691e+09   1.1970e+00
1.9748e+09   1.2000e+00
1.9806e+09   1.2030e+00
1.9863e+09   1.2060e+00
1.9921e+09   1.2090e+00
1.9978e+09   1.2120e+00
2.0036e+09   1.2150e+00
2.0095e+09   1.2180e+00
2.0153e+09   1.2210e+00
2.0211e+09   1.2240e+00
2.0270e+09   1.2270e+00
2.0329e+09   1.2300e+00
2.0388e+09   1.2330e+00
2.0447e+09   1.2360e+00
2.0507e+09   1.2390e+00
2.0566e+09   1.2420e+00
2.0626e+09   1.2450e+00
2.0686e+09   1.2480e+00
2.0746e+09   1.2510e+00
2.0806e+09   1.2540e+00
2.0867e+09   1.2570e+00
2.0928e+09   1.2600e+00
2.0989e+09   1.2630e+00
2.1050e+09   1.2660e+00
2.1111e+09   1.2690e+00
2.1172e+09   1.2720e+00
2.1234e+09   1.2750e+00
2.1296e+09   1.2780e+00
2.1358e+09   1.2810e+00
2.1420e+09   1.2840e+00
2.1483e+09   1.2870e+00
2.1545e+09   1.2900e+00
2.1608e+09   1.2930e+00
2.1671e+09   1.2960e+00
2.1734e+09   1.2990e+00
2.1798e+09   1.3020e+00
2.1861e+09   1.3050e+00
2.1925e+09   1.3080e+00
2.1989e+09   1.3110e+00
2.2053e+09   1.3140e+00
2.2118e+09   1.3170e+00
2.2182e+09   1.3200e+00
2.2247e+09   1.3230e+00
2.2312e+09   1.3260e+00
2.2377e+09   1.3290e+00
2.2442e+09   1.3320e+00
2.2508e+09   1.3350e+00
2.2574e+09   1.3380e+00
2.2640e+09   1.3410e+00
2.2706e+09   1.3440e+00
2.2772e+09   1.3470e+00
2.2839e+09   1.3500e+00
2.2906e+09   1.3530e+00
2.2973e+09   1.3560e+00
2.3040e+09   1.3590e+00
2.3108e+09   1.3620e+00
2.3175e+09   1.3650e+00
2.3243e+09   1.3680e+00
2.3311e+09   1.3710e+00
2.3379e+09   1.3740e+00
2.3448e+09   1.3770e+00
2.3517e+09   1.3800e+00
2.3586e+09   1.3830e+00
2.3655e+09   1.3860e+00
2.3724e+09   1.3890e+00
2.3794e+09   1.3920e+00
2.3863e+09   1.3950e+00
2.3933e+09   1.3980e+00
2.4004e+09   1.4010e+00
2.4074e+09   1.4040e+00
2.4145e+09   1.4070e+00
2.4216e+09   1.4100e+00
2.4287e+09   1.4130e+00
2.4358e+09   1.4160e+00
2.4430e+09   1.4190e+00
2.4501e+09   1.4220e+00
2.4573e+09   1.4250e+00
2.4646e+09   1.4280e+00
2.4718e+09   1.4310e+00
2.4791e+09   1.4340e+00
2.4864e+09   1.4370e+00
2.4937e+09   1.4400e+00
2.5010e+09   1.4430e+00
2.5084e+09   1.4460e+00
2.5157e+09   1.4490e+00
2.5231e+09   1.4520e+00
2.5306e+09   1.4550e+00
2.5380e+09   1.4580e+00
2.5455e+09   1.4610e+00
2.5530e+09   1.4640e+00
2.5605e+09   1.4670e+00
2.5681e+09   1.4700e+00
2.5756e+09   1.4730e+00
2.5832e+09   1.4760e+00
2.5908e+09   1.4790e+00
2.5985e+09   1.4820e+00
2.6061e+09   1.4850e+00
2.6138e+09   1.4880e+00
2.6215e+09   1.4910e+00
2.6293e+09   1.4940e+00
2.6370e+09   1.4970e+00
2.6448e+09   1.5000e+00
2.6526e+09   1.5030e+00
2.6604e+09   1.5060e+00
2.6683e+09   1.5090e+00
2.6762e+09   1.5120e+00
2.6841e+09   1.5150e+00
2.6920e+09   1.5180e+00
2.7000e+09   1.5210e+00
2.7079e+09   1.5240e+00
2.7159e+09   1.5270e+00
2.7240e+09   1.5300e+00
2.7320e+09   1.5330e+00
2.7401e+09   1.5360e+00
2.7482e+09   1.5390e+00
2.7563e+09   1.5420e+00
2.7645e+09   1.5450e+00
2.7727e+09   1.5480e+00
2.7809e+09   1.5510e+00
2.7891e+09   1.5540e+00
2.7974e+09   1.5570e+00
2.8056e+09   1.5600e+00
2.8140e+09   1.5630e+00
2.8223e+09   1.5660e+00
2.8307e+09   1.5690e+00
2.8390e+09   1.5720e+00
2.8475e+09   1.5750e+00
2.8559e+09   1.5780e+00
2.8644e+09   1.5810e+00
2.8729e+09   1.5840e+00
2.8814e+09   1.5870e+00
2.8899e+09   1.5900e+00
2.8985e+09   1.5930e+00
2.9071e+09   1.5960e+00
2.9157e+09   1.5990e+00
2.9244e+09   1.6020e+00
2.9331e+09   1.6050e+00
2.9418e+09   1.6080e+00
2.9505e+09   1.6110e+00
2.9593e+09   1.6140e+00
2.9681e+09   1.6170e+00
2.9769e+09   1.6200e+00
2.9857e+09   1.6230e+00
2.9946e+09   1.6260e+00
3.0035e+09   1.6290e+00
3.0124e+09   1.6320e+00
3.0214e+09   1.6350e+00
3.0304e+09   1.6380e+00
3.0394e+09   1.6410e+00
3.0484e+09   1.6440e+00
3.0575e+09   1.6470e+00
3.0666e+09   1.6500e+00
3.0757e+09   1.6530e+00
3.0849e+09   1.6560e+00
3.0941e+09   1.6590e+00
3.1033e+09   1.6620e+00
3.1125e+09   1.6650e+00
3.1218e+09   1.6680e+00
3.1311e+09   1.6710e+00
3.1404e+09   1.6740e+00
3.1498e+09   1.6770e+00
3.1592e+09   1.6800e+00
3.1686e+09   1.6830e+00
3.1781e+09   1.6860e+00
3.1875e+09   1.6890e+00
3.1970e+09   1.6920e+00
3.2066e+09   1.6950e+00
3.2161e+09   1.6980e+00
3.2257e+09   1.7010e+00
3.2354e+09   1.7040e+00
3.2450e+09   1.7070e+00
3.2547e+09   1.7100e+00
3.2644e+09   1.7130e+00
3.2742e+09   1.7160e+00
3.2840e+09   1.7190e+00
3.2938e+09   1.7220e+00
3.3036e+09   1.7250e+00
3.3135e+09   1.7280e+00
3.3234e+09   1.7310e+00
3.3333e+09   1.7340e+00
3.3433e+09   1.7370e+00
3.3533e+09   1.7400e+00
3.3633e+09   1.7430e+00
3.3734e+09   1.7460e+00
3.3835e+09   1.7490e+00
3.3936e+09   1.7520e+00
3.4038e+09   1.7550e+00
3.4140e+09   1.7580e+00
3.4242e+09   1.7610e+00
3.4345e+09   1.7640e+00
3.4447e+09   1.7670e+00
3.4551e+09   1.7700e+00
3.4654e+09   1.7730e+00
3.4758e+09   1.7760e+00
3.4862e+09   1.7790e+00
3.4967e+09   1.7820e+00
3.5071e+09   1.7850e+00
3.5177e+09   1.7880e+00
3.5282e+09   1.7910e+00
3.5388e+09   1.7940e+00
3.5494e+09   1.7970e+00
3.5601e+09   1.8000e+00
3.5707e+09   1.8030e+00
3.5815e+09   1.8060e+00
3.5922e+09   1.8090e+00
3.6030e+09   1.8120e+00
3.6138e+09   1.8150e+00
3.6247e+09   1.8180e+00
3.6355e+09   1.8210e+00
3.6465e+09   1.8240e+00
3.6574e+09   1.8270e+00
3.6684e+09   1.8300e+00
3.6794e+09   1.8330e+00
3.6905e+09   1.8360e+00
3.7016e+09   1.8390e+00
3.7127e+09   1.8420e+00
3.7239e+09   1.8450e+00
3.7351e+09   1.8480e+00
3.7463e+09   1.8510e+00
3.7576e+09   1.8540e+00
3.7689e+09   1.8570e+00
3.7802e+09   1.8600e+00
3.7916e+09   1.8630e+00
3.8030e+09   1.8660e+00
3.8145e+09   1.8690e+00
3.8260e+09   1.8720e+00
3.8375e+09   1.8750e+00
3.8491e+09   1.8780e+00
3.8607e+09   1.8810e+00
3.8723e+09   1.8840e+00
3.8840e+09   1.8870e+00
3.8957e+09   1.8900e+00
3.9074e+09   1.8930e+00
3.9192e+09   1.8960e+00
3.9310e+09   1.8990e+00
3.9429e+09   1.9020e+00
3.9548e+09   1.9050e+00
3.9667e+09   1.9080e+00
3.9787e+09   1.9110e+00
3.9907e+09   1.9140e+00
4.0027e+09   1.9170e+00
4.0148e+09   1.9200e+00
4.0269e+09   1.9230e+00
4.0391e+09   1.9260e+00
4.0513e+09   1.9290e+00
4.0635e+09   1.9320e+00
4.0758e+09   1.9350e+00
4.0881e+09   1.9380e+00
4.1004e+09   1.9410e+00
4.1128e+09   1.9440e+00
4.1253e+09   1.9470e+00
4.1377e+09   1.9500e+00
4.1503e+09   1.9530e+00
4.1628e+09   1.9560e+00
4.1754e+09   1.9590e+00
4.1880e+09   1.9620e+00
4.2007e+09   1.9650e+00
4.2134e+09   1.9680e+00
4.2261e+09   1.9710e+00
4.2389e+09   1.9740e+00
4.2518e+09   1.9770e+00
4.2646e+09   1.9800e+00
4.2776e+09   1.9830e+00
4.2905e+09   1.9860e+00
4.3035e+09   1.9890e+00
4.3165e+09   1.9920e+00
4.3296e+09   1.9950e+00
4.3427e+09   1.9980e+00
4.3559e+09   2.0010e+00
4.3691e+09   2.0040e+00
4.3823e+09   2.0070e+00
4.3956e+09   2.0100e+00
4.4090e+09   2.0130e+00
4.4223e+09   2.0160e+00
4.4357e+09   2.0190e+00
4.4492e+09   2.0220e+00
4.4627e+09   2.0250e+00
4.4762e+09   2.0280e+00
4.4898e+09   2.0310e+00
4.5034e+09   2.0340e+00
4.5171e+09   2.0370e+00
4.5308e+09   2.0400e+00
4.5446e+09   2.0430e+00
4.5584e+09   2.0460e+00
4.5722e+09   2.0490e+00
4.5861e+09   2.0520e+00
4.6000e+09   2.0550e+00
4.6140e+09   2.0580e+00
4.6280e+09   2.0610e+00
4.6421e+09   2.0640e+00
4.6562e+09   2.0670e+00
4.6704e+09   2.0700e+00
4.6846e+09   2.0730e+00
4.6988e+09   2.0760e+00
4.7131e+09   2.0790e+00
4.7274e+09   2.0820e+00
4.7418e+09   2.0850e+00
4.7562e+09   2.0880e+00
4.7707e+09   2.0910e+00
4.7852e+09   2.0940e+00
4.7998e+09   2.0970e+00
4.8144e+09   2.1000e+00
4.8291e+09   2.1030e+00
4.8438e+09   2.1060e+00
4.8585e+09   2.1090e+00
4.8733e+09   2.1120e+00
4.8882e+09   2.1150e+00
4.9031e+09   2.1180e+00
4.9180e+09   2.1210e+00
4.9330e+09   2.1240e+00
4.9480e+09   2.1270e+00
4.9631e+09   2.1300e+00
4.9782e+09   2.1330e+00
4.9934e+09   2.1360e+00
5.0086e+09   2.1390e+00
5.0239e+09   2.1420e+00
5.0392e+09   2.1450e+00
5.0546e+09   2.1480e+00
5.0700e+09   2.1510e+00
5.0855e+09   2.1540e+00
5.1010e+09   2.1570e+00
5.1166e+09   2.1600e+00
5.1322e+09   2.1630e+00
5.1478e+09   2.1660e+00
5.1636e+09   2.1690e+00
5.1793e+09   2.1720e+00
5.1951e+09   2.1750e+00
5.2110e+09   2.1780e+00
5.2269e+09   2.1810e+00
5.2429e+09   2.1840e+00
5.2589e+09   2.1870e+00
5.2750e+09   2.1900e+00
5.2911e+09   2.1930e+00
5.3073e+09   2.1960e+00
5.3235e+09   2.1990e+00
5.3398e+09   2.2020e+00
5.3561e+09   2.2050e+00
5.3725e+09   2.2080e+00
5.3889e+09   2.2110e+00
5.4054e+09   2.2140e+00
5.4219e+09   2.2170e+00
5.4385e+09   2.2200e+00
5.4551e+09   2.2230e+00
5.4718e+09   2.2260e+00
5.4886e+09   2.2290e+00
5.5054e+09   2.2320e+00
5.5222e+09   2.2350e+00
5.5391e+09   2.2380e+00
5.5561e+09   2.2410e+00
5.5731e+09   2.2440e+00
5.5902e+09   2.2470e+00
5.6073e+09   2.2500e+00
5.6245e+09   2.2530e+00
5.6417e+09   2.2560e+00
5.6590e+09   2.2590e+00
5.6763e+09   2.2620e+00
5.6937e+09   2.2650e+00
5.7111e+09   2.2680e+00
5.7287e+09   2.2710e+00
5.7462e+09   2.2740e+00
5.7638e+09   2.2770e+00
5.7815e+09   2.2800e+00
5.7992e+09   2.2830e+00
5.8170e+09   2.2860e+00
5.8349e+09   2.2890e+00
5.8527e+09   2.2920e+00
5.8707e+09   2.2950e+00
5.8887e+09   2.2980e+00
5.9068e+09   2.3010e+00
5.9249e+09   2.3040e+00
5.9431e+09   2.3070e+00
5.9613e+09   2.3100e+00
5.9796e+09   2.3130e+00
5.9980e+09   2.3160e+00
6.0164e+09   2.3190e+00
6.0349e+09   2.3220e+00
6.0534e+09   2.3250e+00
6.0720e+09   2.3280e+00
6.0906e+09   2.3310e+00
6.1094e+09   2.3340e+00
6.1281e+09   2.3370e+00
6.1470e+09   2.3400e+00
6.1658e+09   2.3430e+00
6.1848e+09   2.3460e+00
6.2038e+09   2.3490e+00
6.2229e+09   2.3520e+00
6.2420e+09   2.3550e+00
6.2612e+09   2.3580e+00
6.2804e+09   2.3610e+00
6.2997e+09   2.3640e+00
6.3191e+09   2.3670e+00
6.3385e+09   2.3700e+00
6.3580e+09   2.3730e+00
6.3776e+09   2.3760e+00
6.3972e+09   2.3790e+00
6.4169e+09   2.3820e+00
6.4366e+09   2.3850e+00
6.4565e+09   2.3880e+00
6.4763e+09   2.3910e+00
6.4963e+09   2.3940e+00
6.5162e+09   2.3970e+00
6.5363e+09   2.4000e+00
6.5564e+09   2.4030e+00
6.5766e+09   2.4060e+00
6.5969e+09   2.4090e+00
6.6172e+09   2.4120e+00
6.6376e+09   2.4150e+00
6.6580e+09   2.4180e+00
6.6785e+09   2.4210e+00
6.6991e+09   2.4240e+00
6.7197e+09   2.4270e+00
6.7404e+09   2.4300e+00
6.7612e+09   2.4330e+00
6.7820e+09   2.4360e+00
6.8029e+09   2.4390e+00
6.8239e+09   2.4420e+00
6.8449e+09   2.4450e+00
6.8660e+09   2.4480e+00
6.8872e+09   2.4510e+00
6.9084e+09   2.4540e+00
6.9297e+09   2.4570e+00
6.9511e+09   2.4600e+00
6.9725e+09   2.4630e+00
6.9940e+09   2.4660e+00
7.0156e+09   2.4690e+00
7.0372e+09   2.4720e+00
7.0589e+09   2.4750e+00
7.0807e+09   2.4780e+00
7.1026e+09   2.4810e+00
7.1245e+09   2.4840e+00
7.1465e+09   2.4870e+00
7.1685e+09   2.4900e+00
7.1906e+09   2.4930e+00
7.2128e+09   2.4960e+00
7.2351e+09   2.4990e+00
7.2574e+09   2.5020e+00
7.2798e+09   2.5050e+00
7.3023e+09   2.5080e+00
7.3249e+09   2.5110e+00
7.3475e+09   2.5140e+00
7.3702e+09   2.5170e+00
7.3929e+09   2.5200e+00
7.4157e+09   2.5230e+00
7.4386e+09   2.5260e+00
7.4616e+09   2.5290e+00
7.4847e+09   2.5320e+00
7.5078e+09   2.5350e+00
7.5310e+09   2.5380e+00
7.5543e+09   2.5410e+00
7.5776e+09   2.5440e+00
7.6010e+09   2.5470e+00
7.6245e+09   2.5500e+00
7.6481e+09   2.5530e+00
7.6717e+09   2.5560e+00
7.6954e+09   2.5590e+00
7.7192e+09   2.5620e+00
7.7430e+09   2.5650e+00
7.7670e+09   2.5680e+00
7.7910e+09   2.5710e+00
7.8151e+09   2.5740e+00
7.8392e+09   2.5770e+00
7.8635e+09   2.5800e+00
7.8878e+09   2.5830e+00
7.9122e+09   2.5860e+00
7.9367e+09   2.5890e+00
7.9612e+09   2.5920e+00
7.9858e+09   2.5950e+00
8.0105e+09   2.5980e+00
8.0353e+09   2.6010e+00
8.0601e+09   2.6040e+00
8.0851e+09   2.6070e+00
8.1101e+09   2.6100e+00
8.1352e+09   2.6130e+00
8.1604e+09   2.6160e+00
8.1856e+09   2.6190e+00
8.2109e+09   2.6220e+00
8.2363e+09   2.6250e+00
8.2618e+09   2.6280e+00
8.2874e+09   2.6310e+00
8.3130e+09   2.6340e+00
8.3388e+09   2.6370e+00
8.3646e+09   2.6400e+00
8.3905e+09   2.6430e+00
8.4164e+09   2.6460e+00
8.4425e+09   2.6490e+00
8.4686e+09   2.6520e+00
8.4948e+09   2.6550e+00
8.5211e+09   2.6580e+00
8.5475e+09   2.6610e+00
8.5740e+09   2.6640e+00
8.6005e+09   2.6670e+00
8.6271e+09   2.6700e+00
8.6538e+09   2.6730e+00
8.6806e+09   2.6760e+00
8.7075e+09   2.6790e+00
8.7345e+09   2.6820e+00
8.7615e+09   2.6850e+00
8.7887e+09   2.6880e+00
8.8159e+09   2.6910e+00
8.8432e+09   2.6940e+00
8.8706e+09   2.6970e+00
8.8980e+09   2.7000e+00
8.9256e+09   2.7030e+00
8.9532e+09   2.7060e+00
8.9810e+09   2.7090e+00
9.0088e+09   2.7120e+00
9.0367e+09   2.7150e+00
9.0647e+09   2.7180e+00
9.0928e+09   2.7210e+00
9.1209e+09   2.7240e+00
9.1492e+09   2.7270e+00
9.1775e+09   2.7300e+00
9.2060e+09   2.7330e+00
9.2345e+09   2.7360e+00
9.2631e+09   2.7390e+00
9.2918e+09   2.7420e+00
9.3206e+09   2.7450e+00
9.3494e+09   2.7480e+00
9.3784e+09   2.7510e+00
9.4075e+09   2.7540e+00
9.4366e+09   2.7570e+00
9.4658e+09   2.7600e+00
9.4952e+09   2.7630e+00
9.5246e+09   2.7660e+00
9.5541e+09   2.7690e+00
9.5837e+09   2.7720e+00
9.6134e+09   2.7750e+00
9.6432e+09   2.7780e+00
9.6731e+09   2.7810e+00
9.7030e+09   2.7840e+00
9.7331e+09   2.7870e+00
9.7633e+09   2.7900e+00
9.7935e+09   2.7930e+00
9.8238e+09   2.7960e+00
9.8543e+09   2.7990e+00
9.8848e+09   2.8020e+00
9.9154e+09   2.8050e+00
9.9462e+09   2.8080e+00
9.9770e+09   2.8110e+00
1.0008e+10   2.8140e+00
1.0039e+10   2.8170e+00
1.0070e+10   2.8200e+00
1.0101e+10   2.8230e+00
1.0132e+10   2.8260e+00
1.0164e+10   2.8290e+00
1.0195e+10   2.8320e+00
1.0227e+10   2.8350e+00
1.0259e+10   2.8380e+00
1.0290e+10   2.8410e+00
1.0322e+10   2.8440e+00
1.0354e+10   2.8470e+00
1.0386e+10   2.8500e+00
1.0419e+10   2.8530e+00
1.0451e+10   2.8560e+00
1.0483e+10   2.8590e+00
1.0516e+10   2.8620e+00
1.0548e+10   2.8650e+00
1.0581e+10   2.8680e+00
1.0614e+10   2.8710e+00
1.0647e+10   2.8740e+00
1.0680e+10   2.8770e+00
1.0713e+10   2.8800e+00
1.0746e+10   2.8830e+00
1.0779e+10   2.8860e+00
1.0812e+10   2.8890e+00
1.0846e+10   2.8920e+00
1.0880e+10   2.8950e+00
1.0913e+10   2.8980e+00
1.0947e+10   2.9010e+00
1.0981e+10   2.9040e+00
1.1015e+10   2.9070e+00
1.1049e+10   2.9100e+00
1.1083e+10   2.9130e+00
1.1118e+10   2.9160e+00
1.1152e+10   2.9190e+00
1.1186e+10   2.9220e+00
1.1221e+10   2.9250e+00
1.1256e+10   2.9280e+00
1.1291e+10   2.9310e+00
1.1326e+10   2.9340e+00
1.1361e+10   2.9370e+00
1.1396e+10   2.9400e+00
1.1431e+10   2.9430e+00
1.1466e+10   2.9460e+00
1.1502e+10   2.9490e+00
1.1538e+10   2.9520e+00
1.1573e+10   2.9550e+00
1.1609e+10   2.9580e+00
1.1645e+10   2.9610e+00
1.1681e+10   2.9640e+00
1.1717e+10   2.9670e+00
1.1753e+10   2.9700e+00
1.1790e+10   2.9730e+00
1.1826e+10   2.9760e+00
1.1863e+10   2.9790e+00
1.1899e+10   2.9820e+00
1.1936e+10   2.9850e+00
1.1973e+10   2.9880e+00
1.2010e+10   2.9910e+00
1.2047e+10   2.9940e+00
1.2084e+10   2.9970e+00
1.2122e+10   3.0000e+00
1.2159e+10   3.0030e+00
1.2197e+10   3.0060e+00
1.2235e+10   3.0090e+00
1.2272e+10   3.0120e+00
1.2310e+10   3.0150e+00
1.2348e+10   3.0180e+00
1.2386e+10   3.0210e+00
1.2425e+10   3.0240e+00
1.2463e+10   3.0270e+00
1.2502e+10   3.0300e+00
1.2540e+10   3.0330e+00
1.2579e+10   3.0360e+00
1.2618e+10   3.0390e+00
1.2657e+10   3.0420e+00
1.2696e+10   3.0450e+00
1.2735e+10   3.0480e+00
1.2774e+10   3.0510e+00
1.2814e+10   3.0540e+00
1.2853e+10   3.0570e+00
1.2893e+10   3.0600e+00
1.2933e+10   3.0630e+00
1.2973e+10   3.0660e+00
1.3013e+10   3.0690e+00
1.3053e+10   3.0720e+00
1.3093e+10   3.0750e+00
1.3133e+10   3.0780e+00
1.3174e+10   3.0810e+00
1.3214e+10   3.0840e+00
1.3255e+10   3.0870e+00
1.3296e+10   3.0900e+00
1.3337e+10   3.0930e+00
1.3378e+10   3.0960e+00
1.3419e+10   3.0990e+00
1.3461e+10   3.1020e+00
1.3502e+10   3.1050e+00
1.3544e+10   3.1080e+00
1.3585e+10   3.1110e+00
1.3627e+10   3.1140e+00
1.3669e+10   3.1170e+00
1.3711e+10   3.1200e+00
1.3753e+10   3.1230e+00
1.3796e+10   3.1260e+00
1.3838e+10   3.1290e+00
1.3881e+10   3.1320e+00
1.3923e+10   3.1350e+00
1.3966e+10   3.1380e+00
1.4009e+10   3.1410e+00
1.4052e+10   3.1440e+00
1.4096e+10   3.1470e+00
1.4139e+10   3.1500e+00
1.4182e+10   3.1530e+00
1.4226e+10   3.1560e+00
1.4270e+10   3.1590e+00
1.4313e+10   3.1620e+00
1.4357e+10   3.1650e+00
1.4401e+10   3.1680e+00
1.4446e+10   3.1710e+00
1.4490e+10   3.1740e+00
1.4535e+10   3.1770e+00
1.4579e+10   3.1800e+00
1.4624e+10   3.1830e+00
1.4669e+10   3.1860e+00
1.4714e+10   3.1890e+00
1.4759e+10   3.1920e+00
1.4804e+10   3.1950e+00
1.4850e+10   3.1980e+00
1.4895e+10   3.2010e+00
1.4941e+10   3.2040e+00
1.4986e+10   3.2070e+00
1.5032e+10   3.2100e+00
1.5078e+10   3.2130e+00
1.5125e+10   3.2160e+00
1.5171e+10   3.2190e+00
1.5217e+10   3.2220e+00
1.5264e+10   3.2250e+00
1.5311e+10   3.2280e+00
1.5357e+10   3.2310e+00
1.5404e+10   3.2340e+00
1.5452e+10   3.2370e+00
1.5499e+10   3.2400e+00
1.5546e+10   3.2430e+00
1.5594e+10   3.2460e+00
1.5641e+10   3.2490e+00
1.5689e+10   3.2520e+00
1.5737e+10   3.2550e+00
1.5785e+10   3.2580e+00
1.5833e+10   3.2610e+00
1.5882e+10   3.2640e+00
1.5930e+10   3.2670e+00
1.5979e+10   3.2700e+00
1.6028e+10   3.2730e+00
1.6076e+10   3.2760e+00
1.6125e+10   3.2790e+00
1.6175e+10   3.2820e+00
1.6224e+10   3.2850e+00
1.6273e+10   3.2880e+00
1.6323e+10   3.2910e+00
1.6373e+10   3.2940e+00
1.6422e+10   3.2970e+00
1.6472e+10   3.3000e+00
1.6523e+10   3.3030e+00
1.6573e+10   3.3060e+00
1.6623e+10   3.3090e+00
1.6674e+10   3.3120e+00
1.6725e+10   3.3150e+00
1.6775e+10   3.3180e+00
1.6826e+10   3.3210e+00
1.6877e+10   3.3240e+00
1.6929e+10   3.3270e+00
1.6980e+10   3.3300e+00
1.7032e+10   3.3330e+00
1.7083e+10   3.3360e+00
1.7135e+10   3.3390e+00
1.7187e+10   3.3420e+00
1.7239e+10   3.3450e+00
1.7292e+10   3.3480e+00
1.7344e+10   3.3510e+00
1.7396e+10   3.3540e+00
1.7449e+10   3.3570e+00
1.7502e+10   3.3600e+00
1.7555e+10   3.3630e+00
1.7608e+10   3.3660e+00
1.7661e+10   3.3690e+00
1.7715e+10   3.3720e+00
1.7768e+10   3.3750e+00
1.7822e+10   3.3780e+00
1.7876e+10   3.3810e+00
1.7930e+10   3.3840e+00
1.7984e+10   3.3870e+00
1.8038e+10   3.3900e+00
1.8093e+10   3.3930e+00
1.8147e+10   3.3960e+00
1.8202e+10   3.3990e+00
1.8257e+10   3.4020e+00
1.8312e+10   3.4050e+00
1.8367e+10   3.4080e+00
1.8422e+10   3.4110e+00
1.8478e+10   3.4140e+00
1.8534e+10   3.4170e+00
1.8589e+10   3.4200e+00
1.8645e+10   3.4230e+00
1.8701e+10   3.4260e+00
1.8758e+10   3.4290e+00
1.8814e+10   3.4320e+00
1.8870e+10   3.4350e+00
1.8927e+10   3.4380e+00
1.8984e+10   3.4410e+00
1.9041e+10   3.4440e+00
1.9098e+10   3.4470e+00
1.9155e+10   3.4500e+00
1.9213e+10   3.4530e+00
1.9270e+10   3.4560e+00
1.9328e+10   3.4590e+00
1.9386e+10   3.4620e+00
1.9444e+10   3.4650e+00
1.9502e+10   3.4680e+00
1.9560e+10   3.4710e+00
1.9619e+10   3.4740e+00
1.9677e+10   3.4770e+00
1.9736e+10   3.4800e+00
1.9795e+10   3.4830e+00
1.9854e+10   3.4860e+00
1.9913e+10   3.4890e+00
1.9973e+10   3.4920e+00
2.0032e+10   3.4950e+00
2.0092e+10   3.4980e+00
2.0152e+10   3.5010e+00
2.0212e+10   3.5040e+00
2.0272e+10   3.5070e+00
2.0332e+10   3.5100e+00
2.0393e+10   3.5130e+00
2.0453e+10   3.5160e+00
2.0514e+10   3.5190e+00
2.0575e+10   3.5220e+00
2.0636e+10   3.5250e+00
2.0697e+10   3.5280e+00
2.0758e+10   3.5310e+00
2.0820e+10   3.5340e+00
2.0882e+10   3.5370e+00
2.0944e+10   3.5400e+00
2.1005e+10   3.5430e+00
2.1068e+10   3.5460e+00
2.1130e+10   3.5490e+00
2.1192e+10   3.5520e+00
2.1255e+10   3.5550e+00
2.1318e+10   3.5580e+00
2.1381e+10   3.5610e+00
2.1444e+10   3.5640e+00
2.1507e+10   3.5670e+00
2.1570e+10   3.5700e+00
2.1634e+10   3.5730e+00
2.1697e+10   3.5760e+00
2.1761e+10   3.5790e+00
2.1825e+10   3.5820e+00
2.1889e+10   3.5850e+00
2.1954e+10   3.5880e+00
2.2018e+10   3.5910e+00
2.2083e+10   3.5940e+00
2.2148e+10   3.5970e+00
2.2212e+10   3.6000e+00
2.2278e+10   3.6030e+00
2.2343e+10   3.6060e+00
2.2408e+10   3.6090e+00
2.2474e+10   3.6120e+00
2.2539e+10   3.6150e+00
2.2605e+10   3.6180e+00
2.2671e+10   3.6210e+00
2.2737e+10   3.6240e+00
2.2804e+10   3.6270e+00
2.2870e+10   3.6300e+00
2.2937e+10   3.6330e+00
2.3004e+10   3.6360e+00
2.3071e+10   3.6390e+00
2.3138e+10   3.6420e+00
2.3205e+10   3.6450e+00
2.3272e+10   3.6480e+00
2.3340e+10   3.6510e+00
2.3407e+10   3.6540e+00
2.3475e+10   3.6570e+00
2.3543e+10   3.6600e+00
2.3612e+10   3.6630e+00
2.3680e+10   3.6660e+00
2.3748e+10   3.6690e+00
2.3817e+10   3.6720e+00
3.7761e+10   3.6750e+00
3.7990e+10   3.6780e+00
3.8092e+10   3.6810e+00
3.8194e+10   3.6840e+00
3.8297e+10   3.6870e+00
3.8400e+10   3.6900e+00
3.8503e+10   3.6930e+00
3.8606e+10   3.6960e+00
3.8709e+10   3.6990e+00
3.8812e+10   3.7020e+00
3.8916e+10   3.7050e+00
3.9020e+10   3.7080e+00
3.9124e+10   3.7110e+00
3.9228e+10   3.7140e+00
3.9332e+10   3.7170e+00
3.9437e+10   3.7200e+00
3.9541e+10   3.7230e+00
3.9646e+10   3.7260e+00
3.9751e+10   3.7290e+00
3.9856e+10   3.7320e+00
3.9961e+10   3.7350e+00
4.0066e+10   3.7380e+00
4.0172e+10   3.7410e+00
4.0278e+10   3.7440e+00
4.0383e+10   3.7470e+00
4.0489e+10   3.7500e+00
4.0595e+10   3.7530e+00
4.0702e+10   3.7560e+00
4.0808e+10   3.7590e+00
4.0915e+10   3.7620e+00
4.1021e+10   3.7650e+00
4.1128e+10   3.7680e+00
4.1235e+10   3.7710e+00
4.1342e+10   3.7740e+00
4.1450e+10   3.7770e+00
4.1557e+10   3.7800e+00
4.1665e+10   3.7830e+00
4.1772e+10   3.7860e+00
4.1880e+10   3.7890e+00
4.1988e+10   3.7920e+00
4.2096e+10   3.7950e+00
4.2204e+10   3.7980e+00
4.2313e+10   3.8010e+00
4.2421e+10   3.8040e+00
4.2530e+10   3.8070e+00
4.2639e+10   3.8100e+00
4.2748e+10   3.8130e+00
4.2857e+10   3.8160e+00
4.2966e+10   3.8190e+00
4.3075e+10   3.8220e+00
4.3184e+10   3.8250e+00
4.3294e+10   3.8280e+00
4.3403e+10   3.8310e+00
4.3513e+10   3.8340e+00
4.3623e+10   3.8370e+00
4.3733e+10   3.8400e+00
4.3843e+10   3.8430e+00
4.3953e+10   3.8460e+00
4.4063e+10   3.8490e+00
4.4174e+10   3.8520e+00
4.4284e+10   3.8550e+00
4.4395e+10   3.8580e+00
4.4505e+10   3.8610e+00
4.4616e+10   3.8640e+00
4.4727e+10   3.8670e+00
4.4838e+10   3.8700e+00
4.4949e+10   3.8730e+00
4.5060e+10   3.8760e+00
4.5171e+10   3.8790e+00
4.5283e+10   3.8820e+00
4.5394e+10   3.8850e+00
4.5505e+10   3.8880e+00
4.5617e+10   3.8910e+00
4.5729e+10   3.8940e+00
4.5840e+10   3.8970e+00
4.5952e+10   3.9000e+00
4.6064e+10   3.9030e+00
4.6176e+10   3.9060e+00
4.6288e+10   3.9090e+00
4.6400e+10   3.9120e+00
4.6512e+10   3.9150e+00
4.6625e+10   3.9180e+00
4.6737e+10   3.9210e+00
4.6849e+10   3.9240e+00
4.6962e+10   3.9270e+00
4.7074e+10   3.9300e+00
4.7187e+10   3.9330e+00
4.7299e+10   3.9360e+00
4.7412e+10   3.9390e+00
4.7525e+10   3.9420e+00
4.7637e+10   3.9450e+00
4.7750e+10   3.9480e+00
4.7863e+10   3.9510e+00
6.0183e+10   3.9540e+00
6.0506e+10   3.9570e+00
6.0627e+10   3.9600e+00
6.0747e+10   3.9630e+00
6.0867e+10   3.9660e+00
6.0987e+10   3.9690e+00
6.1107e+10   3.9720e+00
6.1226e+10   3.9750e+00
6.1346e+10   3.9780e+00
6.1465e+10   3.9810e+00
6.1584e+10   3.9840e+00
6.1703e+10   3.9870e+00
6.1821e+10   3.9900e+00
6.1940e+10   3.9930e+00
6.2058e+10   3.9960e+00
6.2176e+10   3.9990e+00
6.2293e+10   4.0020e+00
6.2411e+10   4.0050e+00
6.2528e+10   4.0080e+00
6.2645e+10   4.0110e+00
6.2762e+10   4.0140e+00
6.2878e+10   4.0170e+00
6.2995e+10   4.0200e+00
6.3111e+10   4.0230e+00
6.3226e+10   4.0260e+00
6.3342e+10   4.0290e+00
6.3457e+10   4.0320e+00
6.3572e+10   4.0350e+00
6.3686e+10   4.0380e+00
6.3801e+10   4.0410e+00
6.3915e+10   4.0440e+00
6.4028e+10   4.0470e+00
6.4142e+10   4.0500e+00
6.4255e+10   4.0530e+00
6.4367e+10   4.0560e+00
6.4480e+10   4.0590e+00
6.4592e+10   4.0620e+00
6.4704e+10   4.0650e+00
6.4815e+10   4.0680e+00
6.4926e+10   4.0710e+00
6.5037e+10   4.0740e+00
6.5147e+10   4.0770e+00
6.5257e+10   4.0800e+00
6.5367e+10   4.0830e+00
6.5476e+10   4.0860e+00
6.5585e+10   4.0890e+00
6.5693e+10   4.0920e+00
6.5801e+10   4.0950e+00
6.5908e+10   4.0980e+00
6.6016e+10   4.1010e+00
6.6122e+10   4.1040e+00
6.6229e+10   4.1070e+00
6.6335e+10   4.1100e+00
6.6440e+10   4.1130e+00
6.6545e+10   4.1160e+00
6.6650e+10   4.1190e+00
6.6754e+10   4.1220e+00
6.6857e+10   4.1250e+00
6.6961e+10   4.1280e+00
6.7063e+10   4.1310e+00
6.7165e+10   4.1340e+00
6.7267e+10   4.1370e+00
6.7368e+10   4.1400e+00
6.7469e+10   4.1430e+00
6.7569e+10   4.1460e+00
6.7669e+10   4.1490e+00
6.7768e+10   4.1520e+00
6.7867e+10   4.1550e+00
6.7965e+10   4.1580e+00
6.8062e+10   4.1610e+00
6.8159e+10   4.1640e+00
6.8255e+10   4.1670e+00
6.8351e+10   4.1700e+00
6.8446e+10   4.1730e+00
6.8541e+10   4.1760e+00
6.8635e+10   4.1790e+00
6.8729e+10   4.1820e+00
6.8821e+10   4.1850e+00
6.8914e+10   4.1880e+00
6.9005e+10   4.1910e+00
6.9096e+10   4.1940e+00
6.9186e+10   4.1970e+00
6.9276e+10   4.2000e+00
6.9365e+10   4.2030e+00
6.9453e+10   4.2060e+00
6.9541e+10   4.2090e+00
6.9628e+10   4.2120e+00
6.9714e+10   4.2150e+00
6.9800e+10   4.2180e+00
6.9885e+10   4.2210e+00
6.9969e+10   4.2240e+00
7.0052e+10   4.2270e+00
7.0135e+10   4.2300e+00
7.0217e+10   4.2330e+00
7.0298e+10   4.2360e+00
7.0378e+10   4.2390e+00
7.0458e+10   4.2420e+00
7.0537e+10   4.2450e+00
7.0615e+10   4.2480e+00
7.0692e+10   4.2510e+00
5.6182e+10   4.2540e+00
5.6242e+10   4.2570e+00
5.6302e+10   4.2600e+00
5.6361e+10   4.2630e+00
5.6419e+10   4.2660e+00
5.6476e+10   4.2690e+00
5.6533e+10   4.2720e+00
5.6589e+10   4.2750e+00
5.6644e+10   4.2780e+00
5.6699e+10   4.2810e+00
5.6753e+10   4.2840e+00
5.6806e+10   4.2870e+00
5.6859e+10   4.2900e+00
5.6910e+10   4.2930e+00
5.6962e+10   4.2960e+00
5.7012e+10   4.2990e+00
5.7061e+10   4.3020e+00
5.7110e+10   4.3050e+00
5.7158e+10   4.3080e+00
5.7205e+10   4.3110e+00
5.7252e+10   4.3140e+00
5.7297e+10   4.3170e+00
5.7342e+10   4.3200e+00
5.7386e+10   4.3230e+00
5.7430e+10   4.3260e+00
5.7472e+10   4.3290e+00
5.7513e+10   4.3320e+00
5.7554e+10   4.3350e+00
5.7594e+10   4.3380e+00
5.7633e+10   4.3410e+00
5.7671e+10   4.3440e+00
5.7708e+10   4.3470e+00
5.7745e+10   4.3500e+00
5.7780e+10   4.3530e+00
5.7815e+10   4.3560e+00
5.7849e+10   4.3590e+00
5.7881e+10   4.3620e+00
5.7913e+10   4.3650e+00
5.7944e+10   4.3680e+00
5.7974e+10   4.3710e+00
5.8003e+10   4.3740e+00
5.8031e+10   4.3770e+00
5.8058e+10   4.3800e+00
5.8084e+10   4.3830e+00
5.8109e+10   4.3860e+00
5.8133e+10   4.3890e+00
5.8156e+10   4.3920e+00
5.8178e+10   4.3950e+00
5.8200e+10   4.3980e+00
5.8220e+10   4.4010e+00
5.8239e+10   4.4040e+00
5.8256e+10   4.4070e+00
5.8273e+10   4.4100e+00
5.8289e+10   4.4130e+00
5.8304e+10   4.4160e+00
5.8318e+10   4.4190e+00
5.8330e+10   4.4220e+00
5.8342e+10   4.4250e+00
5.8352e+10   4.4280e+00
5.8361e+10   4.4310e+00
5.8369e+10   4.4340e+00
5.8376e+10   4.4370e+00
5.8382e+10   4.4400e+00
5.8387e+10   4.4430e+00
5.8390e+10   4.4460e+00
5.8392e+10   4.4490e+00
5.8394e+10   4.4520e+00
5.8393e+10   4.4550e+00
5.8392e+10   4.4580e+00
5.8390e+10   4.4610e+00
5.8386e+10   4.4640e+00
5.8381e+10   4.4670e+00
5.8375e+10   4.4700e+00
5.8367e+10   4.4730e+00
5.8359e+10   4.4760e+00
5.8349e+10   4.4790e+00
5.8337e+10   4.4820e+00
5.8325e+10   4.4850e+00
5.8311e+10   4.4880e+00
5.8296e+10   4.4910e+00
5.8279e+10   4.4940e+00
5.8262e+10   4.4970e+00
5.8242e+10   4.5000e+00
5.8222e+10   4.5030e+00
5.8200e+10   4.5060e+00
5.8177e+10   4.5090e+00
5.8152e+10   4.5120e+00
5.8126e+10   4.5150e+00
5.8099e+10   4.5180e+00
5.8070e+10   4.5210e+00
5.8040e+10   4.5240e+00
5.8008e+10   4.5270e+00
5.7975e+10   4.5300e+00
5.7941e+10   4.5330e+00
5.7905e+10   4.5360e+00
5.7867e+10   4.5390e+00
5.7828e+10   4.5420e+00
5.7788e+10   4.5450e+00
5.7746e+10   4.5480e+00
5.7703e+10   4.5510e+00
5.7658e+10   4.5540e+00
5.7611e+10   4.5570e+00
5.7564e+10   4.5600e+00
5.7514e+10   4.5630e+00
5.7463e+10   4.5660e+00
5.7410e+10   4.5690e+00
5.7356e+10   4.5720e+00
5.7301e+10   4.5750e+00
5.7243e+10   4.5780e+00
5.7184e+10   4.5810e+00
5.7124e+10   4.5840e+00
5.7062e+10   4.5870e+00
5.6998e+10   4.5900e+00
5.6932e+10   4.5930e+00
5.6865e+10   4.5960e+00
5.6797e+10   4.5990e+00
5.6726e+10   4.6020e+00
5.6654e+10   4.6050e+00
5.6581e+10   4.6080e+00
5.6505e+10   4.6110e+00
5.6428e+10   4.6140e+00
5.6349e+10   4.6170e+00
5.6269e+10   4.6200e+00
5.6186e+10   4.6230e+00
5.6102e+10   4.6260e+00
5.6017e+10   4.6290e+00
5.5929e+10   4.6320e+00
5.5840e+10   4.6350e+00
5.5749e+10   4.6380e+00
5.5656e+10   4.6410e+00
5.5562e+10   4.6440e+00
5.5465e+10   4.6470e+00
5.5367e+10   4.6500e+00
5.5267e+10   4.6530e+00
5.5165e+10   4.6560e+00
5.5062e+10   4.6590e+00
5.4956e+10   4.6620e+00
5.4849e+10   4.6650e+00
5.4739e+10   4.6680e+00
5.4628e+10   4.6710e+00
5.4516e+10   4.6740e+00
5.4401e+10   4.6770e+00
5.4284e+10   4.6800e+00
5.4165e+10   4.6830e+00
5.4045e+10   4.6860e+00
5.3923e+10   4.6890e+00
5.3798e+10   4.6920e+00
5.3672e+10   4.6950e+00
5.3544e+10   4.6980e+00
5.3414e+10   4.7010e+00
5.3282e+10   4.7040e+00
5.3148e+10   4.7070e+00
5.3012e+10   4.7100e+00
5.2874e+10   4.7130e+00
5.2734e+10   4.7160e+00
5.2592e+10   4.7190e+00
5.2449e+10   4.7220e+00
5.2303e+10   4.7250e+00
5.2155e+10   4.7280e+00
5.2005e+10   4.7310e+00
5.1854e+10   4.7340e+00
5.1700e+10   4.7370e+00
5.1544e+10   4.7400e+00
5.1386e+10   4.7430e+00
5.1226e+10   4.7460e+00
5.1064e+10   4.7490e+00
5.0901e+10   4.7520e+00
5.0735e+10   4.7550e+00
5.0567e+10   4.7580e+00
5.0397e+10   4.7610e+00
5.0225e+10   4.7640e+00
5.0051e+10   4.7670e+00
4.9874e+10   4.7700e+00
4.9696e+10   4.7730e+00
4.9516e+10   4.7760e+00
4.9334e+10   4.7790e+00
4.9149e+10   4.7820e+00
4.8963e+10   4.7850e+00
4.8774e+10   4.7880e+00
4.8583e+10   4.7910e+00
4.8391e+10   4.7940e+00
4.8196e+10   4.7970e+00
4.7999e+10   4.8000e+00
4.7800e+10   4.8030e+00
4.7599e+10   4.8060e+00
4.7396e+10   4.8090e+00
4.7191e+10   4.8120e+00
4.6984e+10   4.8150e+00
4.6775e+10   4.8180e+00
4.6563e+10   4.8210e+00
4.6350e+10   4.8240e+00
4.6134e+10   4.8270e+00
4.5917e+10   4.8300e+00
4.5697e+10   4.8330e+00
4.5475e+10   4.8360e+00
4.5251e+10   4.8390e+00
4.5025e+10   4.8420e+00
4.4798e+10   4.8450e+00
4.4568e+10   4.8480e+00
4.4336e+10   4.8510e+00
4.4101e+10   4.8540e+00
4.3865e+10   4.8570e+00
4.3627e+10   4.8600e+00
4.3387e+10   4.8630e+00
4.3145e+10   4.8660e+00
4.2901e+10   4.8690e+00
4.2654e+10   4.8720e+00
4.2406e+10   4.8750e+00
4.2156e+10   4.8780e+00
4.1903e+10   4.8810e+00
4.1649e+10   4.8840e+00
4.1393e+10   4.8870e+00
4.1135e+10   4.8900e+00
4.0875e+10   4.8930e+00
4.0612e+10   4.8960e+00
4.0348e+10   4.8990e+00
4.0082e+10   4.9020e+00
3.9815e+10   4.9050e+00
3.9545e+10   4.9080e+00
3.9273e+10   4.9110e+00
3.8999e+10   4.9140e+00
3.8724e+10   4.9170e+00
3.8447e+10   4.9200e+00
3.8168e+10   4.9230e+00
3.7887e+10   4.9260e+00
3.7604e+10   4.9290e+00
3.7319e+10   4.9320e+00
3.7033e+10   4.9350e+00
3.6745e+10   4.9380e+00
3.6455e+10   4.9410e+00
3.6163e+10   4.9440e+00
3.5870e+10   4.9470e+00
3.5575e+10   4.9500e+00
3.5278e+10   4.9530e+00
3.4980e+10   4.9560e+00
3.4680e+10   4.9590e+00
3.4378e+10   4.9620e+00
3.4075e+10   4.9650e+00
3.3770e+10   4.9680e+00
3.3464e+10   4.9710e+00
3.3156e+10   4.9740e+00
3.2847e+10   4.9770e+00
3.2536e+10   4.9800e+00
3.2224e+10   4.9830e+00
3.1910e+10   4.9860e+00
3.1595e+10   4.9890e+00
3.1278e+10   4.9920e+00
3.0961e+10   4.9950e+00
3.0641e+10   4.9980e+00
3.0321e+10   5.0010e+00
2.9999e+10   5.0040e+00
2.9677e+10   5.0070e+00
2.9353e+10   5.0100e+00
2.9027e+10   5.0130e+00
2.8701e+10   5.0160e+00
2.8374e+10   5.0190e+00
2.8045e+10   5.0220e+00
2.7716e+10   5.0250e+00
2.7385e+10   5.0280e+00
2.7054e+10   5.0310e+00
2.6722e+10   5.0340e+00
2.6389e+10   5.0370e+00
2.6055e+10   5.0400e+00
2.5720e+10   5.0430e+00
2.5384e+10   5.0460e+00
2.5048e+10   5.0490e+00
2.4712e+10   5.0520e+00
2.4374e+10   5.0550e+00
2.4036e+10   5.0580e+00
2.3698e+10   5.0610e+00
2.3359e+10   5.0640e+00
2.3019e+10   5.0670e+00
2.2679e+10   5.0700e+00
2.2339e+10   5.0730e+00
2.1999e+10   5.0760e+00
2.1658e+10   5.0790e+00
2.1318e+10   5.0820e+00
2.0977e+10   5.0850e+00
2.0636e+10   5.0880e+00
2.0295e+10   5.0910e+00
1.9954e+10   5.0940e+00
1.9614e+10   5.0970e+00
1.9273e+10   5.1000e+00
1.8933e+10   5.1030e+00
1.8593e+10   5.1060e+00
1.8253e+10   5.1090e+00
1.7914e+10   5.1120e+00
1.7575e+10   5.1150e+00
1.7237e+10   5.1180e+00
1.6899e+10   5.1210e+00
1.6562e+10   5.1240e+00
1.6226e+10   5.1270e+00
1.5891e+10   5.1300e+00
1.5557e+10   5.1330e+00
1.5223e+10   5.1360e+00
1.4891e+10   5.1390e+00
1.4559e+10   5.1420e+00
1.4229e+10   5.1450e+00
1.3901e+10   5.1480e+00
1.3573e+10   5.1510e+00
1.3247e+10   5.1540e+00
1.2923e+10   5.1570e+00
1.2600e+10   5.1600e+00
1.2279e+10   5.1630e+00
1.1959e+10   5.1660e+00
1.1642e+10   5.1690e+00
1.1326e+10   5.1720e+00
1.1012e+10   5.1750e+00
1.0701e+10   5.1780e+00
1.0392e+10   5.1810e+00
1.0085e+10   5.1840e+00
9.7802e+09   5.1870e+00
9.4782e+09   5.1900e+00
9.1788e+09   5.1930e+00
8.8820e+09   5.1960e+00
8.5881e+09   5.1990e+00
8.2970e+09   5.2020e+00
8.0090e+09   5.2050e+00
7.7241e+09   5.2080e+00
7.4424e+09   5.2110e+00
7.1641e+09   5.2140e+00
6.8892e+09   5.2170e+00
6.6178e+09   5.2200e+00
6.3501e+09   5.2230e+00
6.0863e+09   5.2260e+00
5.8263e+09   5.2290e+00
5.5703e+09   5.2320e+00
5.3186e+09   5.2350e+00
5.0711e+09   5.2380e+00
4.8280e+09   5.2410e+00
4.5895e+09   5.2440e+00
4.3556e+09   5.2470e+00
4.1266e+09   5.2500e+00
3.9025e+09   5.2530e+00
3.6835e+09   5.2560e+00
3.4697e+09   5.2590e+00
3.2614e+09   5.2620e+00
3.0585e+09   5.2650e+00
2.8613e+09   5.2680e+00
2.6700e+09   5.2710e+00
2.4846e+09   5.2740e+00
2.3054e+09   5.2770e+00
2.1325e+09   5.2800e+00
1.9659e+09   5.2830e+00
1.8060e+09   5.2860e+00
1.6527e+09   5.2890e+00
1.5063e+09   5.2920e+00
1.3669e+09   5.2950e+00
1.2346e+09   5.2980e+00
1.1094e+09   5.3010e+00
9.9152e+08   5.3040e+00
8.8093e+08   5.3070e+00
7.7768e+08   5.3100e+00
6.8177e+08   5.3130e+00
5.9316e+08   5.3160e+00
5.1177e+08   5.3190e+00
4.3749e+08   5.3220e+00
3.7016e+08   5.3250e+00
3.0956e+08   5.3280e+00
2.5545e+08   5.3310e+00
2.0754e+08   5.3340e+00
1.6551e+08   5.3370e+00
1.2902e+08   5.3400e+00
9.7714e+07   5.3430e+00
7.1228e+07   5.3460e+00
4.9214e+07   5.3490e+00
3.1347e+07   5.3520e+00
1.7328e+07   5.3550e+00
6.8635e+06   5.3580e+00
