Dia: 1.8 m | Vel: 17.5 km/s | theta: 31.9 deg | Strength: 3.0e+05 Pa
Power (W)    Altitude (m)
1.0673e+08   9.9972e+04
1.0697e+08   9.9945e+04
1.0722e+08   9.9917e+04
1.0747e+08   9.9889e+04
1.0772e+08   9.9861e+04
1.0798e+08   9.9834e+04
1.0823e+08   9.9806e+04
1.0848e+08   9.9778e+04
1.0873e+08   9.9750e+04
1.0899e+08   9.9723e+04
1.0924e+08   9.9695e+04
1.0950e+08   9.9667e+04
1.0975e+08   9.9639e+04
1.1001e+08   9.9612e+04
1.1027e+08   9.9584e+04
1.1053e+08   9.9556e+04
1.1078e+08   9.9528e+04
1.1104e+08   9.9501e+04
1.1130e+08   9.9473e+04
1.1156e+08   9.9445e+04
1.1182e+08   9.9417e+04
1.1209e+08   9.9390e+04
1.1235e+08   9.9362e+04
1.1261e+08   9.9334e+04
1.1287e+08   9.9307e+04
1.1314e+08   9.9279e+04
1.1340e+08   9.9251e+04
1.1367e+08   9.9223e+04
1.1394e+08   9.9196e+04
1.1420e+08   9.9168e+04
1.1447e+08   9.9140e+04
1.1474e+08   9.9112e+04
1.1501e+08   9.9085e+04
1.1528e+08   9.9057e+04
1.1555e+08   9.9029e+04
1.1582e+08   9.9001e+04
1.1609e+08   9.8974e+04
1.1636e+08   9.8946e+04
1.1664e+08   9.8918e+04
1.1691e+08   9.8891e+04
1.1719e+08   9.8863e+04
1.1746e+08   9.8835e+04
1.1774e+08   9.8807e+04
1.1801e+08   9.8780e+04
1.1829e+08   9.8752e+04
1.1857e+08   9.8724e+04
1.1885e+08   9.8696e+04
1.1913e+08   9.8669e+04
1.1941e+08   9.8641e+04
1.1969e+08   9.8613e+04
1.1997e+08   9.8585e+04
1.2025e+08   9.8558e+04
1.2053e+08   9.8530e+04
1.2082e+08   9.8502e+04
1.2110e+08   9.8475e+04
1.2139e+08   9.8447e+04
1.2167e+08   9.8419e+04
1.2196e+08   9.8391e+04
1.2225e+08   9.8364e+04
1.2254e+08   9.8336e+04
1.2282e+08   9.8308e+04
1.2311e+08   9.8280e+04
1.2340e+08   9.8253e+04
1.2370e+08   9.8225e+04
1.2399e+08   9.8197e+04
1.2428e+08   9.8170e+04
1.2457e+08   9.8142e+04
1.2487e+08   9.8114e+04
1.2516e+08   9.8086e+04
1.2546e+08   9.8059e+04
1.2575e+08   9.8031e+04
1.2605e+08   9.8003e+04
1.2635e+08   9.7976e+04
1.2665e+08   9.7948e+04
1.2695e+08   9.7920e+04
1.2725e+08   9.7892e+04
1.2755e+08   9.7865e+04
1.2785e+08   9.7837e+04
1.2815e+08   9.7809e+04
1.2845e+08   9.7781e+04
1.2876e+08   9.7754e+04
1.2906e+08   9.7726e+04
1.2937e+08   9.7698e+04
1.2967e+08   9.7671e+04
1.2998e+08   9.7643e+04
1.3029e+08   9.7615e+04
1.3060e+08   9.7587e+04
1.3091e+08   9.7560e+04
1.3122e+08   9.7532e+04
1.3153e+08   9.7504e+04
1.3184e+08   9.7477e+04
1.3215e+08   9.7449e+04
1.3246e+08   9.7421e+04
1.3278e+08   9.7393e+04
1.3309e+08   9.7366e+04
1.3341e+08   9.7338e+04
1.3372e+08   9.7310e+04
1.3404e+08   9.7283e+04
1.3436e+08   9.7255e+04
1.3468e+08   9.7227e+04
1.3500e+08   9.7199e+04
1.3532e+08   9.7172e+04
1.3564e+08   9.7144e+04
1.3596e+08   9.7116e+04
1.3628e+08   9.7089e+04
1.3661e+08   9.7061e+04
1.3693e+08   9.7033e+04
1.3726e+08   9.7005e+04
1.3758e+08   9.6978e+04
1.3791e+08   9.6950e+04
1.3824e+08   9.6922e+04
1.3857e+08   9.6895e+04
1.3890e+08   9.6867e+04
1.3923e+08   9.6839e+04
1.3956e+08   9.6811e+04
1.3989e+08   9.6784e+04
1.4023e+08   9.6756e+04
1.4056e+08   9.6728e+04
1.4089e+08   9.6701e+04
1.4123e+08   9.6673e+04
1.4157e+08   9.6645e+04
1.4190e+08   9.6617e+04
1.4224e+08   9.6590e+04
1.4258e+08   9.6562e+04
1.4292e+08   9.6534e+04
1.4326e+08   9.6507e+04
1.4360e+08   9.6479e+04
1.4394e+08   9.6451e+04
1.4429e+08   9.6424e+04
1.4463e+08   9.6396e+04
1.4498e+08   9.6368e+04
1.4532e+08   9.6340e+04
1.4567e+08   9.6313e+04
1.4602e+08   9.6285e+04
1.4637e+08   9.6257e+04
1.4672e+08   9.6230e+04
1.4707e+08   9.6202e+04
1.4742e+08   9.6174e+04
1.4777e+08   9.6146e+04
1.4812e+08   9.6119e+04
1.4848e+08   9.6091e+04
1.4883e+08   9.6063e+04
1.4919e+08   9.6036e+04
1.4955e+08   9.6008e+04
1.4990e+08   9.5980e+04
1.5026e+08   9.5953e+04
1.5062e+08   9.5925e+04
1.5098e+08   9.5897e+04
1.5134e+08   9.5869e+04
1.5171e+08   9.5842e+04
1.5207e+08   9.5814e+04
1.5243e+08   9.5786e+04
1.5280e+08   9.5759e+04
1.5317e+08   9.5731e+04
1.5353e+08   9.5703e+04
1.5390e+08   9.5676e+04
1.5427e+08   9.5648e+04
1.5464e+08   9.5620e+04
1.5501e+08   9.5592e+04
1.5538e+08   9.5565e+04
1.5575e+08   9.5537e+04
1.5613e+08   9.5509e+04
1.5650e+08   9.5482e+04
1.5688e+08   9.5454e+04
1.5726e+08   9.5426e+04
1.5763e+08   9.5399e+04
1.5801e+08   9.5371e+04
1.5839e+08   9.5343e+04
1.5877e+08   9.5316e+04
1.5915e+08   9.5288e+04
1.5954e+08   9.5260e+04
1.5992e+08   9.5232e+04
1.6030e+08   9.5205e+04
1.6069e+08   9.5177e+04
1.6108e+08   9.5149e+04
1.6146e+08   9.5122e+04
1.6185e+08   9.5094e+04
1.6224e+08   9.5066e+04
1.6263e+08   9.5039e+04
1.6302e+08   9.5011e+04
1.6342e+08   9.4983e+04
1.6381e+08   9.4956e+04
1.6420e+08   9.4928e+04
1.6460e+08   9.4900e+04
1.6500e+08   9.4872e+04
1.6539e+08   9.4845e+04
1.6579e+08   9.4817e+04
1.6619e+08   9.4789e+04
1.6659e+08   9.4762e+04
1.6699e+08   9.4734e+04
1.6740e+08   9.4706e+04
1.6780e+08   9.4679e+04
1.6821e+08   9.4651e+04
1.6861e+08   9.4623e+04
1.6902e+08   9.4596e+04
1.6943e+08   9.4568e+04
1.6984e+08   9.4540e+04
1.7025e+08   9.4512e+04
1.7066e+08   9.4485e+04
1.7107e+08   9.4457e+04
1.7148e+08   9.4429e+04
1.7190e+08   9.4402e+04
1.7231e+08   9.4374e+04
1.7273e+08   9.4346e+04
1.7315e+08   9.4319e+04
1.7357e+08   9.4291e+04
1.7399e+08   9.4263e+04
1.7441e+08   9.4236e+04
1.7483e+08   9.4208e+04
1.7525e+08   9.4180e+04
1.7568e+08   9.4153e+04
1.7610e+08   9.4125e+04
1.7653e+08   9.4097e+04
1.7696e+08   9.4070e+04
1.7739e+08   9.4042e+04
1.7782e+08   9.4014e+04
1.7825e+08   9.3987e+04
1.7868e+08   9.3959e+04
1.7911e+08   9.3931e+04
1.7955e+08   9.3903e+04
1.7998e+08   9.3876e+04
1.8042e+08   9.3848e+04
1.8086e+08   9.3820e+04
1.8129e+08   9.3793e+04
1.8173e+08   9.3765e+04
1.8218e+08   9.3737e+04
1.8262e+08   9.3710e+04
1.8306e+08   9.3682e+04
1.8351e+08   9.3654e+04
1.8395e+08   9.3627e+04
1.8440e+08   9.3599e+04
1.8485e+08   9.3571e+04
1.8530e+08   9.3544e+04
1.8575e+08   9.3516e+04
1.8620e+08   9.3488e+04
1.8665e+08   9.3461e+04
1.8711e+08   9.3433e+04
1.8756e+08   9.3405e+04
1.8802e+08   9.3378e+04
1.8847e+08   9.3350e+04
1.8893e+08   9.3322e+04
1.8939e+08   9.3295e+04
1.8985e+08   9.3267e+04
1.9032e+08   9.3239e+04
1.9078e+08   9.3212e+04
1.9125e+08   9.3184e+04
1.9171e+08   9.3156e+04
1.9218e+08   9.3129e+04
1.9265e+08   9.3101e+04
1.9312e+08   9.3073e+04
1.9359e+08   9.3046e+04
1.9406e+08   9.3018e+04
1.9453e+08   9.2990e+04
1.9501e+08   9.2963e+04
1.9548e+08   9.2935e+04
1.9596e+08   9.2907e+04
1.9644e+08   9.2879e+04
1.9692e+08   9.2852e+04
1.9740e+08   9.2824e+04
1.9788e+08   9.2796e+04
1.9837e+08   9.2769e+04
1.9885e+08   9.2741e+04
1.9934e+08   9.2713e+04
1.9982e+08   9.2686e+04
2.0031e+08   9.2658e+04
2.0080e+08   9.2630e+04
2.0129e+08   9.2603e+04
2.0179e+08   9.2575e+04
2.0228e+08   9.2547e+04
2.0277e+08   9.2520e+04
2.0327e+08   9.2492e+04
2.0377e+08   9.2464e+04
2.0427e+08   9.2437e+04
2.0477e+08   9.2409e+04
2.0527e+08   9.2381e+04
2.0577e+08   9.2354e+04
2.0628e+08   9.2326e+04
2.0678e+08   9.2299e+04
2.0729e+08   9.2271e+04
2.0780e+08   9.2243e+04
2.0831e+08   9.2216e+04
2.0882e+08   9.2188e+04
2.0933e+08   9.2160e+04
2.0984e+08   9.2133e+04
2.1036e+08   9.2105e+04
2.1087e+08   9.2077e+04
2.1139e+08   9.2050e+04
2.1191e+08   9.2022e+04
2.1243e+08   9.1994e+04
2.1295e+08   9.1967e+04
2.1348e+08   9.1939e+04
2.1400e+08   9.1911e+04
2.1453e+08   9.1884e+04
2.1505e+08   9.1856e+04
2.1558e+08   9.1828e+04
2.1611e+08   9.1801e+04
2.1664e+08   9.1773e+04
2.1718e+08   9.1745e+04
2.1771e+08   9.1718e+04
2.1825e+08   9.1690e+04
2.1878e+08   9.1662e+04
2.1932e+08   9.1635e+04
2.1986e+08   9.1607e+04
2.2040e+08   9.1579e+04
2.2095e+08   9.1552e+04
2.2149e+08   9.1524e+04
2.2204e+08   9.1496e+04
2.2258e+08   9.1469e+04
2.2313e+08   9.1441e+04
2.2368e+08   9.1413e+04
2.2423e+08   9.1386e+04
2.2479e+08   9.1358e+04
2.2534e+08   9.1330e+04
2.2590e+08   9.1303e+04
2.2646e+08   9.1275e+04
2.2701e+08   9.1248e+04
2.2757e+08   9.1220e+04
2.2814e+08   9.1192e+04
2.2870e+08   9.1165e+04
2.2926e+08   9.1137e+04
2.2983e+08   9.1109e+04
2.3040e+08   9.1082e+04
2.3097e+08   9.1054e+04
2.3154e+08   9.1026e+04
2.3211e+08   9.0999e+04
2.3269e+08   9.0971e+04
2.3326e+08   9.0943e+04
2.3384e+08   9.0916e+04
2.3442e+08   9.0888e+04
2.3500e+08   9.0860e+04
2.3558e+08   9.0833e+04
2.3616e+08   9.0805e+04
2.3675e+08   9.0777e+04
2.3733e+08   9.0750e+04
2.3792e+08   9.0722e+04
2.3851e+08   9.0695e+04
2.3910e+08   9.0667e+04
2.3969e+08   9.0639e+04
2.4029e+08   9.0612e+04
2.4088e+08   9.0584e+04
2.4148e+08   9.0556e+04
2.4208e+08   9.0529e+04
2.4268e+08   9.0501e+04
2.4328e+08   9.0473e+04
2.4388e+08   9.0446e+04
2.4449e+08   9.0418e+04
2.4510e+08   9.0390e+04
2.4570e+08   9.0363e+04
2.4631e+08   9.0335e+04
2.4693e+08   9.0307e+04
2.4754e+08   9.0280e+04
2.4815e+08   9.0252e+04
2.4877e+08   9.0225e+04
2.4939e+08   9.0197e+04
2.5001e+08   9.0169e+04
2.5063e+08   9.0142e+04
2.5125e+08   9.0114e+04
2.5188e+08   9.0086e+04
2.5251e+08   9.0059e+04
2.5313e+08   9.0031e+04
2.5376e+08   9.0003e+04
2.5440e+08   8.9976e+04
2.5503e+08   8.9948e+04
2.5566e+08   8.9921e+04
2.5630e+08   8.9893e+04
2.5694e+08   8.9865e+04
2.5758e+08   8.9838e+04
2.5822e+08   8.9810e+04
2.5886e+08   8.9782e+04
2.5951e+08   8.9755e+04
2.6016e+08   8.9727e+04
2.6081e+08   8.9699e+04
2.6146e+08   8.9672e+04
2.6211e+08   8.9644e+04
2.6276e+08   8.9617e+04
2.6342e+08   8.9589e+04
2.6407e+08   8.9561e+04
2.6473e+08   8.9534e+04
2.6540e+08   8.9506e+04
2.6606e+08   8.9478e+04
2.6672e+08   8.9451e+04
2.6739e+08   8.9423e+04
2.6806e+08   8.9395e+04
2.6873e+08   8.9368e+04
2.6940e+08   8.9340e+04
2.7007e+08   8.9313e+04
2.7075e+08   8.9285e+04
2.7142e+08   8.9257e+04
2.7210e+08   8.9230e+04
2.7278e+08   8.9202e+04
2.7347e+08   8.9174e+04
2.7415e+08   8.9147e+04
2.7484e+08   8.9119e+04
2.7553e+08   8.9091e+04
2.7622e+08   8.9064e+04
2.7691e+08   8.9036e+04
2.7760e+08   8.9009e+04
2.7830e+08   8.8981e+04
2.7899e+08   8.8953e+04
2.7969e+08   8.8926e+04
2.8039e+08   8.8898e+04
2.8110e+08   8.8870e+04
2.8180e+08   8.8843e+04
2.8251e+08   8.8815e+04
2.8322e+08   8.8788e+04
2.8393e+08   8.8760e+04
2.8464e+08   8.8732e+04
2.8536e+08   8.8705e+04
2.8607e+08   8.8677e+04
2.8679e+08   8.8649e+04
2.8751e+08   8.8622e+04
2.8823e+08   8.8594e+04
2.8896e+08   8.8567e+04
2.8968e+08   8.8539e+04
2.9041e+08   8.8511e+04
2.9114e+08   8.8484e+04
2.9187e+08   8.8456e+04
2.9261e+08   8.8428e+04
2.9335e+08   8.8401e+04
2.9408e+08   8.8373e+04
2.9482e+08   8.8346e+04
2.9557e+08   8.8318e+04
2.9631e+08   8.8290e+04
2.9706e+08   8.8263e+04
2.9780e+08   8.8235e+04
2.9855e+08   8.8207e+04
2.9931e+08   8.8180e+04
3.0006e+08   8.8152e+04
3.0082e+08   8.8125e+04
3.0157e+08   8.8097e+04
3.0233e+08   8.8069e+04
3.0310e+08   8.8042e+04
3.0386e+08   8.8014e+04
3.0463e+08   8.7987e+04
3.0540e+08   8.7959e+04
3.0617e+08   8.7931e+04
3.0694e+08   8.7904e+04
3.0771e+08   8.7876e+04
3.0849e+08   8.7848e+04
3.0927e+08   8.7821e+04
3.1005e+08   8.7793e+04
3.1084e+08   8.7766e+04
3.1162e+08   8.7738e+04
3.1241e+08   8.7710e+04
3.1320e+08   8.7683e+04
3.1399e+08   8.7655e+04
3.1478e+08   8.7628e+04
3.1558e+08   8.7600e+04
3.1638e+08   8.7572e+04
3.1718e+08   8.7545e+04
3.1798e+08   8.7517e+04
3.1879e+08   8.7489e+04
3.1959e+08   8.7462e+04
3.2040e+08   8.7434e+04
3.2121e+08   8.7407e+04
3.2203e+08   8.7379e+04
3.2284e+08   8.7351e+04
3.2366e+08   8.7324e+04
3.2448e+08   8.7296e+04
3.2530e+08   8.7269e+04
3.2613e+08   8.7241e+04
3.2696e+08   8.7213e+04
3.2779e+08   8.7186e+04
3.2862e+08   8.7158e+04
3.2945e+08   8.7130e+04
3.3029e+08   8.7103e+04
3.3112e+08   8.7075e+04
3.3197e+08   8.7048e+04
3.3281e+08   8.7020e+04
3.3365e+08   8.6992e+04
3.3450e+08   8.6965e+04
3.3535e+08   8.6937e+04
3.3620e+08   8.6910e+04
3.3706e+08   8.6882e+04
3.3791e+08   8.6854e+04
3.3877e+08   8.6827e+04
3.3964e+08   8.6799e+04
3.4050e+08   8.6772e+04
3.4137e+08   8.6744e+04
3.4223e+08   8.6716e+04
3.4310e+08   8.6689e+04
3.4398e+08   8.6661e+04
3.4485e+08   8.6634e+04
3.4573e+08   8.6606e+04
3.4661e+08   8.6578e+04
3.4750e+08   8.6551e+04
3.4838e+08   8.6523e+04
3.4927e+08   8.6496e+04
3.5016e+08   8.6468e+04
3.5105e+08   8.6440e+04
3.5195e+08   8.6413e+04
3.5284e+08   8.6385e+04
3.5374e+08   8.6358e+04
3.5465e+08   8.6330e+04
3.5555e+08   8.6302e+04
3.5646e+08   8.6275e+04
3.5737e+08   8.6247e+04
3.5828e+08   8.6220e+04
3.5920e+08   8.6192e+04
3.6011e+08   8.6164e+04
3.6103e+08   8.6137e+04
3.6196e+08   8.6109e+04
3.6288e+08   8.6082e+04
3.6381e+08   8.6054e+04
3.6474e+08   8.6026e+04
3.6567e+08   8.5999e+04
3.6661e+08   8.5971e+04
3.6754e+08   8.5944e+04
3.6848e+08   8.5916e+04
3.6943e+08   8.5888e+04
3.7037e+08   8.5861e+04
3.7132e+08   8.5833e+04
3.7227e+08   8.5806e+04
3.7322e+08   8.5778e+04
3.7418e+08   8.5750e+04
3.7514e+08   8.5723e+04
3.7610e+08   8.5695e+04
3.7706e+08   8.5668e+04
3.7803e+08   8.5640e+04
3.7900e+08   8.5612e+04
3.7997e+08   8.5585e+04
3.8095e+08   8.5557e+04
3.8192e+08   8.5530e+04
3.8290e+08   8.5502e+04
3.8389e+08   8.5474e+04
3.8487e+08   8.5447e+04
3.8586e+08   8.5419e+04
3.8685e+08   8.5392e+04
3.8784e+08   8.5364e+04
3.8884e+08   8.5336e+04
3.8984e+08   8.5309e+04
3.9084e+08   8.5281e+04
3.9184e+08   8.5254e+04
3.9285e+08   8.5226e+04
3.9386e+08   8.5199e+04
3.9487e+08   8.5171e+04
3.9589e+08   8.5143e+04
3.9691e+08   8.5116e+04
3.9793e+08   8.5088e+04
3.9895e+08   8.5061e+04
3.9998e+08   8.5033e+04
4.0101e+08   8.5005e+04
4.0204e+08   8.4978e+04
4.0308e+08   8.4950e+04
4.0412e+08   8.4923e+04
4.0516e+08   8.4895e+04
4.0620e+08   8.4867e+04
4.0725e+08   8.4840e+04
4.0830e+08   8.4812e+04
4.0935e+08   8.4785e+04
4.1041e+08   8.4757e+04
4.1146e+08   8.4730e+04
4.1253e+08   8.4702e+04
4.1359e+08   8.4674e+04
4.1466e+08   8.4647e+04
4.1573e+08   8.4619e+04
4.1680e+08   8.4592e+04
4.1788e+08   8.4564e+04
4.1896e+08   8.4536e+04
4.2004e+08   8.4509e+04
4.2112e+08   8.4481e+04
4.2221e+08   8.4454e+04
4.2330e+08   8.4426e+04
4.2440e+08   8.4399e+04
4.2550e+08   8.4371e+04
4.2660e+08   8.4343e+04
4.2770e+08   8.4316e+04
4.2881e+08   8.4288e+04
4.2992e+08   8.4261e+04
4.3103e+08   8.4233e+04
4.3214e+08   8.4206e+04
4.3326e+08   8.4178e+04
4.3438e+08   8.4150e+04
4.3551e+08   8.4123e+04
4.3664e+08   8.4095e+04
4.3777e+08   8.4068e+04
4.3890e+08   8.4040e+04
4.4004e+08   8.4012e+04
4.4118e+08   8.3985e+04
4.4233e+08   8.3957e+04
4.4347e+08   8.3930e+04
4.4462e+08   8.3902e+04
4.4578e+08   8.3875e+04
4.4693e+08   8.3847e+04
4.4809e+08   8.3819e+04
4.4926e+08   8.3792e+04
4.5042e+08   8.3764e+04
4.5159e+08   8.3737e+04
4.5277e+08   8.3709e+04
4.5394e+08   8.3682e+04
4.5512e+08   8.3654e+04
4.5630e+08   8.3626e+04
4.5749e+08   8.3599e+04
4.5868e+08   8.3571e+04
4.5987e+08   8.3544e+04
4.6107e+08   8.3516e+04
4.6227e+08   8.3489e+04
4.6347e+08   8.3461e+04
4.6468e+08   8.3433e+04
4.6589e+08   8.3406e+04
4.6710e+08   8.3378e+04
4.6832e+08   8.3351e+04
4.6954e+08   8.3323e+04
4.7076e+08   8.3296e+04
4.7199e+08   8.3268e+04
4.7322e+08   8.3240e+04
4.7445e+08   8.3213e+04
4.7569e+08   8.3185e+04
4.7693e+08   8.3158e+04
4.7817e+08   8.3130e+04
4.7942e+08   8.3103e+04
4.8067e+08   8.3075e+04
4.8192e+08   8.3047e+04
4.8318e+08   8.3020e+04
4.8444e+08   8.2992e+04
4.8571e+08   8.2965e+04
4.8697e+08   8.2937e+04
4.8825e+08   8.2910e+04
4.8952e+08   8.2882e+04
4.9080e+08   8.2855e+04
4.9208e+08   8.2827e+04
4.9337e+08   8.2799e+04
4.9466e+08   8.2772e+04
4.9595e+08   8.2744e+04
4.9725e+08   8.2717e+04
4.9855e+08   8.2689e+04
4.9985e+08   8.2662e+04
5.0116e+08   8.2634e+04
5.0247e+08   8.2606e+04
5.0379e+08   8.2579e+04
5.0511e+08   8.2551e+04
5.0643e+08   8.2524e+04
5.0776e+08   8.2496e+04
5.0909e+08   8.2469e+04
5.1042e+08   8.2441e+04
5.1176e+08   8.2414e+04
5.1310e+08   8.2386e+04
5.1445e+08   8.2358e+04
5.1579e+08   8.2331e+04
5.1715e+08   8.2303e+04
5.1850e+08   8.2276e+04
5.1986e+08   8.2248e+04
5.2123e+08   8.2221e+04
5.2260e+08   8.2193e+04
5.2397e+08   8.2165e+04
5.2534e+08   8.2138e+04
5.2672e+08   8.2110e+04
5.2811e+08   8.2083e+04
5.2950e+08   8.2055e+04
5.3089e+08   8.2028e+04
5.3228e+08   8.2000e+04
5.3368e+08   8.1973e+04
5.3508e+08   8.1945e+04
5.3649e+08   8.1917e+04
5.3790e+08   8.1890e+04
5.3932e+08   8.1862e+04
5.4074e+08   8.1835e+04
5.4216e+08   8.1807e+04
5.4359e+08   8.1780e+04
5.4502e+08   8.1752e+04
5.4645e+08   8.1725e+04
5.4789e+08   8.1697e+04
5.4934e+08   8.1670e+04
5.5078e+08   8.1642e+04
5.5224e+08   8.1614e+04
5.5369e+08   8.1587e+04
5.5515e+08   8.1559e+04
5.5661e+08   8.1532e+04
5.5808e+08   8.1504e+04
5.5955e+08   8.1477e+04
5.6103e+08   8.1449e+04
5.6251e+08   8.1422e+04
5.6400e+08   8.1394e+04
5.6549e+08   8.1366e+04
5.6698e+08   8.1339e+04
5.6848e+08   8.1311e+04
5.6998e+08   8.1284e+04
5.7148e+08   8.1256e+04
5.7299e+08   8.1229e+04
5.7451e+08   8.1201e+04
5.7603e+08   8.1174e+04
5.7755e+08   8.1146e+04
5.7908e+08   8.1119e+04
5.8061e+08   8.1091e+04
5.8214e+08   8.1063e+04
5.8368e+08   8.1036e+04
5.8523e+08   8.1008e+04
5.8678e+08   8.0981e+04
5.8833e+08   8.0953e+04
5.8989e+08   8.0926e+04
5.9145e+08   8.0898e+04
5.9302e+08   8.0871e+04
5.9459e+08   8.0843e+04
5.9617e+08   8.0816e+04
5.9775e+08   8.0788e+04
5.9933e+08   8.0760e+04
6.0092e+08   8.0733e+04
6.0251e+08   8.0705e+04
6.0411e+08   8.0678e+04
6.0571e+08   8.0650e+04
6.0732e+08   8.0623e+04
6.0893e+08   8.0595e+04
6.1055e+08   8.0568e+04
6.1217e+08   8.0540e+04
6.1380e+08   8.0513e+04
6.1543e+08   8.0485e+04
6.1706e+08   8.0458e+04
6.1870e+08   8.0430e+04
6.2035e+08   8.0402e+04
6.2199e+08   8.0375e+04
6.2365e+08   8.0347e+04
6.2531e+08   8.0320e+04
6.2697e+08   8.0292e+04
6.2864e+08   8.0265e+04
6.3031e+08   8.0237e+04
6.3199e+08   8.0210e+04
6.3367e+08   8.0182e+04
6.3536e+08   8.0155e+04
6.3705e+08   8.0127e+04
6.3874e+08   8.0100e+04
6.4045e+08   8.0072e+04
6.4215e+08   8.0044e+04
6.4386e+08   8.0017e+04
6.4558e+08   7.9989e+04
6.4730e+08   7.9962e+04
6.4903e+08   7.9934e+04
6.5076e+08   7.9907e+04
6.5249e+08   7.9879e+04
6.5423e+08   7.9852e+04
6.5598e+08   7.9824e+04
6.5773e+08   7.9797e+04
6.5949e+08   7.9769e+04
6.6125e+08   7.9742e+04
6.6301e+08   7.9714e+04
6.6478e+08   7.9687e+04
6.6656e+08   7.9659e+04
6.6834e+08   7.9631e+04
6.7013e+08   7.9604e+04
6.7192e+08   7.9576e+04
6.7371e+08   7.9549e+04
6.7552e+08   7.9521e+04
6.7732e+08   7.9494e+04
6.7913e+08   7.9466e+04
6.8095e+08   7.9439e+04
6.8277e+08   7.9411e+04
6.8460e+08   7.9384e+04
6.8643e+08   7.9356e+04
6.8827e+08   7.9329e+04
6.9011e+08   7.9301e+04
6.9196e+08   7.9274e+04
6.9382e+08   7.9246e+04
6.9568e+08   7.9219e+04
6.9754e+08   7.9191e+04
6.9941e+08   7.9163e+04
7.0129e+08   7.9136e+04
7.0317e+08   7.9108e+04
7.0505e+08   7.9081e+04
7.0694e+08   7.9053e+04
7.0884e+08   7.9026e+04
7.1074e+08   7.8998e+04
7.1265e+08   7.8971e+04
7.1456e+08   7.8943e+04
7.1648e+08   7.8916e+04
7.1841e+08   7.8888e+04
7.2034e+08   7.8861e+04
7.2227e+08   7.8833e+04
7.2421e+08   7.8806e+04
7.2616e+08   7.8778e+04
7.2811e+08   7.8751e+04
7.3007e+08   7.8723e+04
7.3203e+08   7.8696e+04
7.3400e+08   7.8668e+04
7.3598e+08   7.8641e+04
7.3796e+08   7.8613e+04
7.3994e+08   7.8586e+04
7.4194e+08   7.8558e+04
7.4393e+08   7.8530e+04
7.4594e+08   7.8503e+04
7.4795e+08   7.8475e+04
7.4996e+08   7.8448e+04
7.5198e+08   7.8420e+04
7.5401e+08   7.8393e+04
7.5604e+08   7.8365e+04
7.5808e+08   7.8338e+04
7.6012e+08   7.8310e+04
7.6217e+08   7.8283e+04
7.6423e+08   7.8255e+04
7.6629e+08   7.8228e+04
7.6836e+08   7.8200e+04
7.7043e+08   7.8173e+04
7.7251e+08   7.8145e+04
7.7460e+08   7.8118e+04
7.7669e+08   7.8090e+04
7.7879e+08   7.8063e+04
7.8089e+08   7.8035e+04
7.8300e+08   7.8008e+04
7.8512e+08   7.7980e+04
7.8724e+08   7.7953e+04
7.8937e+08   7.7925e+04
7.9151e+08   7.7898e+04
7.9365e+08   7.7870e+04
7.9579e+08   7.7843e+04
7.9795e+08   7.7815e+04
8.0011e+08   7.7788e+04
8.0227e+08   7.7760e+04
8.0445e+08   7.7733e+04
8.0662e+08   7.7705e+04
8.0881e+08   7.7678e+04
8.1100e+08   7.7650e+04
8.1320e+08   7.7623e+04
8.1540e+08   7.7595e+04
8.1761e+08   7.7568e+04
8.1983e+08   7.7540e+04
8.2205e+08   7.7512e+04
8.2428e+08   7.7485e+04
8.2652e+08   7.7457e+04
8.2876e+08   7.7430e+04
8.3101e+08   7.7402e+04
8.3326e+08   7.7375e+04
8.3553e+08   7.7347e+04
8.3780e+08   7.7320e+04
8.4007e+08   7.7292e+04
8.4235e+08   7.7265e+04
8.4464e+08   7.7237e+04
8.4694e+08   7.7210e+04
8.4924e+08   7.7182e+04
8.5155e+08   7.7155e+04
8.5386e+08   7.7127e+04
8.5618e+08   7.7100e+04
8.5851e+08   7.7072e+04
8.6085e+08   7.7045e+04
8.6319e+08   7.7017e+04
8.6554e+08   7.6990e+04
8.6790e+08   7.6962e+04
8.7026e+08   7.6935e+04
8.7263e+08   7.6907e+04
8.7501e+08   7.6880e+04
8.7739e+08   7.6852e+04
8.7978e+08   7.6825e+04
8.8218e+08   7.6797e+04
8.8458e+08   7.6770e+04
8.8699e+08   7.6742e+04
8.8941e+08   7.6715e+04
8.9184e+08   7.6687e+04
8.9427e+08   7.6660e+04
8.9671e+08   7.6632e+04
8.9916e+08   7.6605e+04
9.0161e+08   7.6577e+04
9.0407e+08   7.6550e+04
9.0654e+08   7.6522e+04
9.0902e+08   7.6495e+04
9.1150e+08   7.6467e+04
9.1399e+08   7.6440e+04
9.1649e+08   7.6412e+04
9.1899e+08   7.6385e+04
9.2151e+08   7.6357e+04
9.2403e+08   7.6330e+04
9.2655e+08   7.6302e+04
9.2909e+08   7.6275e+04
9.3163e+08   7.6247e+04
9.3418e+08   7.6220e+04
9.3673e+08   7.6192e+04
9.3930e+08   7.6165e+04
9.4187e+08   7.6137e+04
9.4445e+08   7.6110e+04
9.4704e+08   7.6082e+04
9.4963e+08   7.6055e+04
9.5223e+08   7.6027e+04
9.5484e+08   7.6000e+04
9.5746e+08   7.5973e+04
9.6008e+08   7.5945e+04
9.6272e+08   7.5918e+04
9.6536e+08   7.5890e+04
9.6800e+08   7.5863e+04
9.7066e+08   7.5835e+04
9.7332e+08   7.5808e+04
9.7599e+08   7.5780e+04
9.7867e+08   7.5753e+04
9.8136e+08   7.5725e+04
9.8406e+08   7.5698e+04
9.8676e+08   7.5670e+04
9.8947e+08   7.5643e+04
9.9219e+08   7.5615e+04
9.9492e+08   7.5588e+04
9.9765e+08   7.5560e+04
1.0004e+09   7.5533e+04
1.0031e+09   7.5505e+04
1.0059e+09   7.5478e+04
1.0087e+09   7.5450e+04
1.0114e+09   7.5423e+04
1.0142e+09   7.5395e+04
1.0170e+09   7.5368e+04
1.0198e+09   7.5340e+04
1.0226e+09   7.5313e+04
1.0254e+09   7.5285e+04
1.0283e+09   7.5258e+04
1.0311e+09   7.5230e+04
1.0339e+09   7.5203e+04
1.0368e+09   7.5175e+04
1.0397e+09   7.5148e+04
1.0425e+09   7.5120e+04
1.0454e+09   7.5093e+04
1.0483e+09   7.5065e+04
1.0512e+09   7.5038e+04
1.0541e+09   7.5011e+04
1.0570e+09   7.4983e+04
1.0599e+09   7.4956e+04
1.0628e+09   7.4928e+04
1.0658e+09   7.4901e+04
1.0687e+09   7.4873e+04
1.0717e+09   7.4846e+04
1.0746e+09   7.4818e+04
1.0776e+09   7.4791e+04
1.0806e+09   7.4763e+04
1.0836e+09   7.4736e+04
1.0865e+09   7.4708e+04
1.0896e+09   7.4681e+04
1.0926e+09   7.4653e+04
1.0956e+09   7.4626e+04
1.0986e+09   7.4598e+04
1.1017e+09   7.4571e+04
1.1047e+09   7.4543e+04
1.1078e+09   7.4516e+04
1.1108e+09   7.4488e+04
1.1139e+09   7.4461e+04
1.1170e+09   7.4433e+04
1.1201e+09   7.4406e+04
1.1232e+09   7.4379e+04
1.1263e+09   7.4351e+04
1.1294e+09   7.4324e+04
1.1326e+09   7.4296e+04
1.1357e+09   7.4269e+04
1.1389e+09   7.4241e+04
1.1420e+09   7.4214e+04
1.1452e+09   7.4186e+04
1.1484e+09   7.4159e+04
1.1516e+09   7.4131e+04
1.1548e+09   7.4104e+04
1.1580e+09   7.4076e+04
1.1612e+09   7.4049e+04
1.1644e+09   7.4021e+04
1.1676e+09   7.3994e+04
1.1709e+09   7.3966e+04
1.1741e+09   7.3939e+04
1.1774e+09   7.3912e+04
1.1807e+09   7.3884e+04
1.1840e+09   7.3857e+04
1.1873e+09   7.3829e+04
1.1906e+09   7.3802e+04
1.1939e+09   7.3774e+04
1.1972e+09   7.3747e+04
1.2005e+09   7.3719e+04
1.2039e+09   7.3692e+04
1.2072e+09   7.3664e+04
1.2106e+09   7.3637e+04
1.2140e+09   7.3609e+04
1.2173e+09   7.3582e+04
1.2207e+09   7.3554e+04
1.2241e+09   7.3527e+04
1.2276e+09   7.3499e+04
1.2310e+09   7.3472e+04
1.2344e+09   7.3445e+04
1.2379e+09   7.3417e+04
1.2413e+09   7.3390e+04
1.2448e+09   7.3362e+04
1.2483e+09   7.3335e+04
1.2517e+09   7.3307e+04
1.2552e+09   7.3280e+04
1.2587e+09   7.3252e+04
1.2623e+09   7.3225e+04
1.2658e+09   7.3197e+04
1.2693e+09   7.3170e+04
1.2729e+09   7.3142e+04
1.2764e+09   7.3115e+04
1.2800e+09   7.3088e+04
1.2836e+09   7.3060e+04
1.2872e+09   7.3033e+04
1.2908e+09   7.3005e+04
1.2944e+09   7.2978e+04
1.2980e+09   7.2950e+04
1.3016e+09   7.2923e+04
1.3053e+09   7.2895e+04
1.3089e+09   7.2868e+04
1.3126e+09   7.2840e+04
1.3163e+09   7.2813e+04
1.3200e+09   7.2786e+04
1.3237e+09   7.2758e+04
1.3274e+09   7.2731e+04
1.3311e+09   7.2703e+04
1.3348e+09   7.2676e+04
1.3386e+09   7.2648e+04
1.3423e+09   7.2621e+04
1.3461e+09   7.2593e+04
1.3499e+09   7.2566e+04
1.3537e+09   7.2538e+04
1.3575e+09   7.2511e+04
1.3613e+09   7.2484e+04
1.3651e+09   7.2456e+04
1.3689e+09   7.2429e+04
1.3728e+09   7.2401e+04
1.3766e+09   7.2374e+04
1.3805e+09   7.2346e+04
1.3844e+09   7.2319e+04
1.3883e+09   7.2291e+04
1.3922e+09   7.2264e+04
1.3961e+09   7.2236e+04
1.4000e+09   7.2209e+04
1.4040e+09   7.2182e+04
1.4079e+09   7.2154e+04
1.4119e+09   7.2127e+04
1.4159e+09   7.2099e+04
1.4198e+09   7.2072e+04
1.4238e+09   7.2044e+04
1.4279e+09   7.2017e+04
1.4319e+09   7.1989e+04
1.4359e+09   7.1962e+04
1.4400e+09   7.1934e+04
1.4440e+09   7.1907e+04
1.4481e+09   7.1880e+04
1.4522e+09   7.1852e+04
1.4563e+09   7.1825e+04
1.4604e+09   7.1797e+04
1.4645e+09   7.1770e+04
1.4686e+09   7.1742e+04
1.4728e+09   7.1715e+04
1.4769e+09   7.1687e+04
1.4811e+09   7.1660e+04
1.4853e+09   7.1633e+04
1.4895e+09   7.1605e+04
1.4937e+09   7.1578e+04
1.4979e+09   7.1550e+04
1.5021e+09   7.1523e+04
1.5064e+09   7.1495e+04
1.5107e+09   7.1468e+04
1.5149e+09   7.1440e+04
1.5192e+09   7.1413e+04
1.5235e+09   7.1386e+04
1.5278e+09   7.1358e+04
1.5321e+09   7.1331e+04
1.5365e+09   7.1303e+04
1.5408e+09   7.1276e+04
1.5452e+09   7.1248e+04
1.5496e+09   7.1221e+04
1.5540e+09   7.1194e+04
1.5584e+09   7.1166e+04
1.5628e+09   7.1139e+04
1.5672e+09   7.1111e+04
1.5717e+09   7.1084e+04
1.5761e+09   7.1056e+04
1.5806e+09   7.1029e+04
1.5851e+09   7.1001e+04
1.5896e+09   7.0974e+04
1.5941e+09   7.0947e+04
1.5986e+09   7.0919e+04
1.6031e+09   7.0892e+04
1.6077e+09   7.0864e+04
1.6122e+09   7.0837e+04
1.6168e+09   7.0809e+04
1.6214e+09   7.0782e+04
1.6260e+09   7.0755e+04
1.6306e+09   7.0727e+04
1.6353e+09   7.0700e+04
1.6399e+09   7.0672e+04
1.6446e+09   7.0645e+04
1.6493e+09   7.0617e+04
1.6540e+09   7.0590e+04
1.6587e+09   7.0562e+04
1.6634e+09   7.0535e+04
1.6681e+09   7.0508e+04
1.6729e+09   7.0480e+04
1.6776e+09   7.0453e+04
1.6824e+09   7.0425e+04
1.6872e+09   7.0398e+04
1.6920e+09   7.0370e+04
1.6968e+09   7.0343e+04
1.7017e+09   7.0316e+04
1.7065e+09   7.0288e+04
1.7114e+09   7.0261e+04
1.7163e+09   7.0233e+04
1.7212e+09   7.0206e+04
1.7261e+09   7.0178e+04
1.7310e+09   7.0151e+04
1.7359e+09   7.0124e+04
1.7409e+09   7.0096e+04
1.7459e+09   7.0069e+04
1.7508e+09   7.0041e+04
1.7558e+09   7.0014e+04
1.7608e+09   6.9986e+04
1.7659e+09   6.9959e+04
1.7709e+09   6.9932e+04
1.7760e+09   6.9904e+04
1.7811e+09   6.9877e+04
1.7862e+09   6.9849e+04
1.7913e+09   6.9822e+04
1.7964e+09   6.9794e+04
1.8015e+09   6.9767e+04
1.8067e+09   6.9740e+04
1.8118e+09   6.9712e+04
1.8170e+09   6.9685e+04
1.8222e+09   6.9657e+04
1.8274e+09   6.9630e+04
1.8327e+09   6.9603e+04
1.8379e+09   6.9575e+04
1.8432e+09   6.9548e+04
1.8485e+09   6.9520e+04
1.8538e+09   6.9493e+04
1.8591e+09   6.9465e+04
1.8644e+09   6.9438e+04
1.8698e+09   6.9411e+04
1.8751e+09   6.9383e+04
1.8805e+09   6.9356e+04
1.8859e+09   6.9328e+04
1.8913e+09   6.9301e+04
1.8967e+09   6.9273e+04
1.9022e+09   6.9246e+04
1.9076e+09   6.9219e+04
1.9131e+09   6.9191e+04
1.9186e+09   6.9164e+04
1.9241e+09   6.9136e+04
1.9296e+09   6.9109e+04
1.9352e+09   6.9082e+04
1.9407e+09   6.9054e+04
1.9463e+09   6.9027e+04
1.9519e+09   6.8999e+04
1.9575e+09   6.8972e+04
1.9632e+09   6.8944e+04
1.9688e+09   6.8917e+04
1.9745e+09   6.8890e+04
1.9802e+09   6.8862e+04
1.9859e+09   6.8835e+04
1.9916e+09   6.8807e+04
1.9973e+09   6.8780e+04
2.0031e+09   6.8753e+04
2.0088e+09   6.8725e+04
2.0146e+09   6.8698e+04
2.0204e+09   6.8670e+04
2.0262e+09   6.8643e+04
2.0321e+09   6.8616e+04
2.0379e+09   6.8588e+04
2.0438e+09   6.8561e+04
2.0497e+09   6.8533e+04
2.0556e+09   6.8506e+04
2.0615e+09   6.8478e+04
2.0675e+09   6.8451e+04
2.0735e+09   6.8424e+04
2.0794e+09   6.8396e+04
2.0855e+09   6.8369e+04
2.0915e+09   6.8341e+04
2.0975e+09   6.8314e+04
2.1036e+09   6.8287e+04
2.1096e+09   6.8259e+04
2.1157e+09   6.8232e+04
2.1219e+09   6.8204e+04
2.1280e+09   6.8177e+04
2.1341e+09   6.8150e+04
2.1403e+09   6.8122e+04
2.1465e+09   6.8095e+04
2.1527e+09   6.8067e+04
2.1589e+09   6.8040e+04
2.1652e+09   6.8013e+04
2.1715e+09   6.7985e+04
2.1777e+09   6.7958e+04
2.1840e+09   6.7930e+04
2.1904e+09   6.7903e+04
2.1967e+09   6.7876e+04
2.2031e+09   6.7848e+04
2.2095e+09   6.7821e+04
2.2159e+09   6.7793e+04
2.2223e+09   6.7766e+04
2.2287e+09   6.7739e+04
2.2352e+09   6.7711e+04
2.2417e+09   6.7684e+04
2.2482e+09   6.7656e+04
2.2547e+09   6.7629e+04
2.2612e+09   6.7602e+04
2.2678e+09   6.7574e+04
2.2744e+09   6.7547e+04
2.2810e+09   6.7519e+04
2.2876e+09   6.7492e+04
2.2942e+09   6.7465e+04
2.3009e+09   6.7437e+04
2.3076e+09   6.7410e+04
2.3143e+09   6.7382e+04
2.3210e+09   6.7355e+04
2.3278e+09   6.7328e+04
2.3345e+09   6.7300e+04
2.3413e+09   6.7273e+04
2.3481e+09   6.7245e+04
2.3550e+09   6.7218e+04
2.3618e+09   6.7191e+04
2.3687e+09   6.7163e+04
2.3756e+09   6.7136e+04
2.3825e+09   6.7108e+04
2.3894e+09   6.7081e+04
2.3964e+09   6.7054e+04
2.4034e+09   6.7026e+04
2.4104e+09   6.6999e+04
2.4174e+09   6.6971e+04
2.4244e+09   6.6944e+04
2.4315e+09   6.6917e+04
2.4386e+09   6.6889e+04
2.4457e+09   6.6862e+04
2.4528e+09   6.6834e+04
2.4600e+09   6.6807e+04
2.4671e+09   6.6780e+04
2.4743e+09   6.6752e+04
2.4816e+09   6.6725e+04
2.4888e+09   6.6698e+04
2.4961e+09   6.6670e+04
2.5033e+09   6.6643e+04
2.5107e+09   6.6615e+04
2.5180e+09   6.6588e+04
2.5253e+09   6.6561e+04
2.5327e+09   6.6533e+04
2.5401e+09   6.6506e+04
2.5475e+09   6.6478e+04
2.5550e+09   6.6451e+04
2.5624e+09   6.6424e+04
2.5699e+09   6.6396e+04
2.5775e+09   6.6369e+04
2.5850e+09   6.6341e+04
2.5926e+09   6.6314e+04
2.6001e+09   6.6287e+04
2.6077e+09   6.6259e+04
2.6154e+09   6.6232e+04
2.6230e+09   6.6205e+04
2.6307e+09   6.6177e+04
2.6384e+09   6.6150e+04
2.6461e+09   6.6122e+04
2.6539e+09   6.6095e+04
2.6617e+09   6.6068e+04
2.6695e+09   6.6040e+04
2.6773e+09   6.6013e+04
2.6851e+09   6.5985e+04
2.6930e+09   6.5958e+04
2.7009e+09   6.5931e+04
2.7088e+09   6.5903e+04
2.7168e+09   6.5876e+04
2.7247e+09   6.5849e+04
2.7327e+09   6.5821e+04
2.7408e+09   6.5794e+04
2.7488e+09   6.5766e+04
2.7569e+09   6.5739e+04
2.7650e+09   6.5712e+04
2.7731e+09   6.5684e+04
2.7812e+09   6.5657e+04
2.7894e+09   6.5630e+04
2.7976e+09   6.5602e+04
2.8058e+09   6.5575e+04
2.8141e+09   6.5547e+04
2.8223e+09   6.5520e+04
2.8306e+09   6.5493e+04
2.8390e+09   6.5465e+04
2.8473e+09   6.5438e+04
2.8557e+09   6.5411e+04
2.8641e+09   6.5383e+04
2.8725e+09   6.5356e+04
2.8810e+09   6.5328e+04
2.8894e+09   6.5301e+04
2.8980e+09   6.5274e+04
2.9065e+09   6.5246e+04
2.9150e+09   6.5219e+04
2.9236e+09   6.5192e+04
2.9322e+09   6.5164e+04
2.9409e+09   6.5137e+04
2.9495e+09   6.5109e+04
2.9582e+09   6.5082e+04
2.9670e+09   6.5055e+04
2.9757e+09   6.5027e+04
2.9845e+09   6.5000e+04
2.9933e+09   6.4973e+04
3.0021e+09   6.4945e+04
3.0110e+09   6.4918e+04
3.0199e+09   6.4890e+04
3.0288e+09   6.4863e+04
3.0377e+09   6.4836e+04
3.0467e+09   6.4808e+04
3.0557e+09   6.4781e+04
3.0647e+09   6.4754e+04
3.0738e+09   6.4726e+04
3.0828e+09   6.4699e+04
3.0919e+09   6.4672e+04
3.1011e+09   6.4644e+04
3.1102e+09   6.4617e+04
3.1194e+09   6.4589e+04
3.1287e+09   6.4562e+04
3.1379e+09   6.4535e+04
3.1472e+09   6.4507e+04
3.1565e+09   6.4480e+04
3.1658e+09   6.4453e+04
3.1752e+09   6.4425e+04
3.1846e+09   6.4398e+04
3.1940e+09   6.4370e+04
3.2035e+09   6.4343e+04
3.2130e+09   6.4316e+04
3.2225e+09   6.4288e+04
3.2320e+09   6.4261e+04
3.2416e+09   6.4234e+04
3.2512e+09   6.4206e+04
3.2608e+09   6.4179e+04
3.2705e+09   6.4152e+04
3.2802e+09   6.4124e+04
3.2899e+09   6.4097e+04
3.2997e+09   6.4070e+04
3.3095e+09   6.4042e+04
3.3193e+09   6.4015e+04
3.3291e+09   6.3987e+04
3.3390e+09   6.3960e+04
3.3489e+09   6.3933e+04
3.3589e+09   6.3905e+04
3.3688e+09   6.3878e+04
3.3788e+09   6.3851e+04
3.3889e+09   6.3823e+04
3.3989e+09   6.3796e+04
3.4090e+09   6.3769e+04
3.4191e+09   6.3741e+04
3.4293e+09   6.3714e+04
3.4395e+09   6.3687e+04
3.4497e+09   6.3659e+04
3.4600e+09   6.3632e+04
3.4703e+09   6.3604e+04
3.4806e+09   6.3577e+04
3.4909e+09   6.3550e+04
3.5013e+09   6.3522e+04
3.5117e+09   6.3495e+04
3.5222e+09   6.3468e+04
3.5327e+09   6.3440e+04
3.5432e+09   6.3413e+04
3.5537e+09   6.3386e+04
3.5643e+09   6.3358e+04
3.5749e+09   6.3331e+04
3.5856e+09   6.3304e+04
3.5962e+09   6.3276e+04
3.6070e+09   6.3249e+04
3.6177e+09   6.3222e+04
3.6285e+09   6.3194e+04
3.6393e+09   6.3167e+04
3.6501e+09   6.3139e+04
3.6610e+09   6.3112e+04
3.6719e+09   6.3085e+04
3.6829e+09   6.3057e+04
3.6939e+09   6.3030e+04
3.7049e+09   6.3003e+04
3.7160e+09   6.2975e+04
3.7270e+09   6.2948e+04
3.7382e+09   6.2921e+04
3.7493e+09   6.2893e+04
3.7605e+09   6.2866e+04
3.7717e+09   6.2839e+04
3.7830e+09   6.2811e+04
3.7943e+09   6.2784e+04
3.8056e+09   6.2757e+04
3.8170e+09   6.2729e+04
3.8284e+09   6.2702e+04
3.8399e+09   6.2675e+04
3.8513e+09   6.2647e+04
3.8628e+09   6.2620e+04
3.8744e+09   6.2593e+04
3.8860e+09   6.2565e+04
3.8976e+09   6.2538e+04
3.9093e+09   6.2511e+04
3.9210e+09   6.2483e+04
3.9327e+09   6.2456e+04
3.9445e+09   6.2428e+04
3.9563e+09   6.2401e+04
3.9681e+09   6.2374e+04
3.9800e+09   6.2346e+04
3.9919e+09   6.2319e+04
4.0039e+09   6.2292e+04
4.0158e+09   6.2264e+04
4.0279e+09   6.2237e+04
4.0399e+09   6.2210e+04
4.0521e+09   6.2182e+04
4.0642e+09   6.2155e+04
4.0764e+09   6.2128e+04
4.0886e+09   6.2100e+04
4.1009e+09   6.2073e+04
4.1131e+09   6.2046e+04
4.1255e+09   6.2018e+04
4.1379e+09   6.1991e+04
4.1503e+09   6.1964e+04
4.1627e+09   6.1936e+04
4.1752e+09   6.1909e+04
4.1877e+09   6.1882e+04
4.2003e+09   6.1854e+04
4.2129e+09   6.1827e+04
4.2256e+09   6.1800e+04
4.2383e+09   6.1772e+04
4.2510e+09   6.1745e+04
4.2638e+09   6.1718e+04
4.2766e+09   6.1690e+04
4.2894e+09   6.1663e+04
4.3023e+09   6.1636e+04
4.3152e+09   6.1608e+04
4.3282e+09   6.1581e+04
4.3412e+09   6.1554e+04
4.3543e+09   6.1526e+04
4.3674e+09   6.1499e+04
4.3805e+09   6.1472e+04
4.3937e+09   6.1444e+04
4.4069e+09   6.1417e+04
4.4201e+09   6.1390e+04
4.4334e+09   6.1362e+04
4.4468e+09   6.1335e+04
4.4602e+09   6.1308e+04
4.4736e+09   6.1280e+04
4.4871e+09   6.1253e+04
4.5006e+09   6.1226e+04
4.5141e+09   6.1198e+04
4.5277e+09   6.1171e+04
4.5414e+09   6.1144e+04
4.5550e+09   6.1117e+04
4.5688e+09   6.1089e+04
4.5825e+09   6.1062e+04
4.5963e+09   6.1035e+04
4.6102e+09   6.1007e+04
4.6241e+09   6.0980e+04
4.6380e+09   6.0953e+04
4.6520e+09   6.0925e+04
4.6661e+09   6.0898e+04
4.6801e+09   6.0871e+04
4.6942e+09   6.0843e+04
4.7084e+09   6.0816e+04
4.7226e+09   6.0789e+04
4.7369e+09   6.0761e+04
4.7512e+09   6.0734e+04
4.7655e+09   6.0707e+04
4.7799e+09   6.0679e+04
4.7943e+09   6.0652e+04
4.8088e+09   6.0625e+04
4.8233e+09   6.0597e+04
4.8379e+09   6.0570e+04
4.8525e+09   6.0543e+04
4.8672e+09   6.0515e+04
4.8819e+09   6.0488e+04
4.8966e+09   6.0461e+04
4.9114e+09   6.0433e+04
4.9263e+09   6.0406e+04
4.9412e+09   6.0379e+04
4.9561e+09   6.0352e+04
4.9711e+09   6.0324e+04
4.9861e+09   6.0297e+04
5.0012e+09   6.0270e+04
5.0163e+09   6.0242e+04
5.0315e+09   6.0215e+04
5.0467e+09   6.0188e+04
5.0620e+09   6.0160e+04
5.0773e+09   6.0133e+04
5.0927e+09   6.0106e+04
5.1081e+09   6.0078e+04
5.1236e+09   6.0051e+04
5.1391e+09   6.0024e+04
5.1547e+09   5.9996e+04
5.1703e+09   5.9969e+04
5.1859e+09   5.9942e+04
5.2016e+09   5.9914e+04
5.2174e+09   5.9887e+04
5.2332e+09   5.9860e+04
5.2491e+09   5.9833e+04
5.2650e+09   5.9805e+04
5.2809e+09   5.9778e+04
5.2970e+09   5.9751e+04
5.3130e+09   5.9723e+04
5.3291e+09   5.9696e+04
5.3453e+09   5.9669e+04
5.3615e+09   5.9641e+04
5.3778e+09   5.9614e+04
5.3941e+09   5.9587e+04
5.4104e+09   5.9559e+04
5.4269e+09   5.9532e+04
5.4433e+09   5.9505e+04
5.4598e+09   5.9478e+04
5.4764e+09   5.9450e+04
5.4930e+09   5.9423e+04
5.5097e+09   5.9396e+04
5.5265e+09   5.9368e+04
5.5432e+09   5.9341e+04
5.5601e+09   5.9314e+04
5.5770e+09   5.9286e+04
5.5939e+09   5.9259e+04
5.6109e+09   5.9232e+04
5.6279e+09   5.9205e+04
5.6450e+09   5.9177e+04
5.6622e+09   5.9150e+04
5.6794e+09   5.9123e+04
5.6967e+09   5.9095e+04
5.7140e+09   5.9068e+04
5.7314e+09   5.9041e+04
5.7488e+09   5.9013e+04
5.7663e+09   5.8986e+04
5.7838e+09   5.8959e+04
5.8014e+09   5.8932e+04
5.8191e+09   5.8904e+04
5.8368e+09   5.8877e+04
5.8545e+09   5.8850e+04
5.8723e+09   5.8822e+04
5.8902e+09   5.8795e+04
5.9081e+09   5.8768e+04
5.9261e+09   5.8740e+04
5.9442e+09   5.8713e+04
5.9623e+09   5.8686e+04
5.9804e+09   5.8659e+04
5.9986e+09   5.8631e+04
6.0169e+09   5.8604e+04
6.0352e+09   5.8577e+04
6.0536e+09   5.8549e+04
6.0720e+09   5.8522e+04
6.0905e+09   5.8495e+04
6.1091e+09   5.8467e+04
6.1277e+09   5.8440e+04
6.1464e+09   5.8413e+04
6.1651e+09   5.8386e+04
6.1839e+09   5.8358e+04
6.2028e+09   5.8331e+04
6.2217e+09   5.8304e+04
6.2406e+09   5.8276e+04
6.2597e+09   5.8249e+04
6.2788e+09   5.8222e+04
6.2979e+09   5.8195e+04
6.3171e+09   5.8167e+04
6.3364e+09   5.8140e+04
6.3557e+09   5.8113e+04
6.3751e+09   5.8085e+04
6.3946e+09   5.8058e+04
6.4141e+09   5.8031e+04
6.4336e+09   5.8004e+04
6.4533e+09   5.7976e+04
6.4730e+09   5.7949e+04
6.4927e+09   5.7922e+04
6.5126e+09   5.7894e+04
6.5324e+09   5.7867e+04
6.5524e+09   5.7840e+04
6.5724e+09   5.7813e+04
6.5925e+09   5.7785e+04
6.6126e+09   5.7758e+04
6.6328e+09   5.7731e+04
6.6531e+09   5.7703e+04
6.6734e+09   5.7676e+04
6.6938e+09   5.7649e+04
6.7142e+09   5.7622e+04
6.7347e+09   5.7594e+04
6.7553e+09   5.7567e+04
6.7760e+09   5.7540e+04
6.7967e+09   5.7512e+04
6.8175e+09   5.7485e+04
6.8383e+09   5.7458e+04
6.8592e+09   5.7431e+04
6.8802e+09   5.7403e+04
6.9012e+09   5.7376e+04
6.9223e+09   5.7349e+04
6.9435e+09   5.7321e+04
6.9647e+09   5.7294e+04
6.9860e+09   5.7267e+04
7.0074e+09   5.7240e+04
7.0288e+09   5.7212e+04
7.0503e+09   5.7185e+04
7.0719e+09   5.7158e+04
7.0935e+09   5.7131e+04
7.1152e+09   5.7103e+04
7.1370e+09   5.7076e+04
7.1589e+09   5.7049e+04
7.1808e+09   5.7021e+04
7.2027e+09   5.6994e+04
7.2248e+09   5.6967e+04
7.2469e+09   5.6940e+04
7.2691e+09   5.6912e+04
7.2914e+09   5.6885e+04
7.3137e+09   5.6858e+04
7.3361e+09   5.6830e+04
7.3585e+09   5.6803e+04
7.3811e+09   5.6776e+04
7.4037e+09   5.6749e+04
7.4264e+09   5.6721e+04
7.4491e+09   5.6694e+04
7.4719e+09   5.6667e+04
7.4948e+09   5.6640e+04
7.5178e+09   5.6612e+04
7.5408e+09   5.6585e+04
7.5639e+09   5.6558e+04
7.5871e+09   5.6531e+04
7.6103e+09   5.6503e+04
7.6337e+09   5.6476e+04
7.6571e+09   5.6449e+04
7.6805e+09   5.6421e+04
7.7041e+09   5.6394e+04
7.7277e+09   5.6367e+04
7.7514e+09   5.6340e+04
7.7751e+09   5.6312e+04
7.7990e+09   5.6285e+04
7.8229e+09   5.6258e+04
7.8469e+09   5.6231e+04
7.8709e+09   5.6203e+04
7.8951e+09   5.6176e+04
7.9193e+09   5.6149e+04
7.9435e+09   5.6122e+04
7.9679e+09   5.6094e+04
7.9923e+09   5.6067e+04
8.0169e+09   5.6040e+04
8.0414e+09   5.6012e+04
8.0661e+09   5.5985e+04
8.0909e+09   5.5958e+04
8.1157e+09   5.5931e+04
8.1406e+09   5.5903e+04
8.1656e+09   5.5876e+04
8.1906e+09   5.5849e+04
8.2157e+09   5.5822e+04
8.2409e+09   5.5794e+04
8.2662e+09   5.5767e+04
8.2916e+09   5.5740e+04
8.3170e+09   5.5713e+04
8.3426e+09   5.5685e+04
8.3682e+09   5.5658e+04
8.3938e+09   5.5631e+04
8.4196e+09   5.5604e+04
8.4455e+09   5.5576e+04
8.4714e+09   5.5549e+04
8.4974e+09   5.5522e+04
8.5235e+09   5.5495e+04
8.5496e+09   5.5467e+04
8.5759e+09   5.5440e+04
8.6022e+09   5.5413e+04
8.6286e+09   5.5386e+04
8.6551e+09   5.5358e+04
8.6817e+09   5.5331e+04
8.7083e+09   5.5304e+04
8.7351e+09   5.5277e+04
8.7619e+09   5.5249e+04
8.7888e+09   5.5222e+04
8.8158e+09   5.5195e+04
8.8428e+09   5.5168e+04
8.8700e+09   5.5140e+04
8.8972e+09   5.5113e+04
8.9246e+09   5.5086e+04
8.9520e+09   5.5058e+04
8.9795e+09   5.5031e+04
9.0070e+09   5.5004e+04
9.0347e+09   5.4977e+04
9.0624e+09   5.4950e+04
9.0903e+09   5.4922e+04
9.1182e+09   5.4895e+04
9.1462e+09   5.4868e+04
9.1743e+09   5.4841e+04
9.2025e+09   5.4813e+04
9.2307e+09   5.4786e+04
9.2591e+09   5.4759e+04
9.2875e+09   5.4732e+04
9.3160e+09   5.4704e+04
9.3447e+09   5.4677e+04
9.3734e+09   5.4650e+04
9.4022e+09   5.4623e+04
9.4310e+09   5.4595e+04
9.4600e+09   5.4568e+04
9.4891e+09   5.4541e+04
9.5182e+09   5.4514e+04
9.5474e+09   5.4486e+04
9.5768e+09   5.4459e+04
9.6062e+09   5.4432e+04
9.6357e+09   5.4405e+04
9.6653e+09   5.4377e+04
9.6950e+09   5.4350e+04
9.7248e+09   5.4323e+04
9.7546e+09   5.4296e+04
9.7846e+09   5.4268e+04
9.8147e+09   5.4241e+04
9.8448e+09   5.4214e+04
9.8750e+09   5.4187e+04
9.9054e+09   5.4159e+04
9.9358e+09   5.4132e+04
9.9663e+09   5.4105e+04
9.9969e+09   5.4078e+04
1.0028e+10   5.4051e+04
1.0058e+10   5.4023e+04
1.0089e+10   5.3996e+04
1.0120e+10   5.3969e+04
1.0151e+10   5.3942e+04
1.0183e+10   5.3914e+04
1.0214e+10   5.3887e+04
1.0245e+10   5.3860e+04
1.0277e+10   5.3833e+04
1.0308e+10   5.3805e+04
1.0340e+10   5.3778e+04
1.0372e+10   5.3751e+04
1.0403e+10   5.3724e+04
1.0435e+10   5.3696e+04
1.0467e+10   5.3669e+04
1.0500e+10   5.3642e+04
1.0532e+10   5.3615e+04
1.0564e+10   5.3588e+04
1.0597e+10   5.3560e+04
1.0629e+10   5.3533e+04
1.0662e+10   5.3506e+04
1.0695e+10   5.3479e+04
1.0727e+10   5.3451e+04
1.0760e+10   5.3424e+04
1.0793e+10   5.3397e+04
1.0826e+10   5.3370e+04
1.0860e+10   5.3342e+04
1.0893e+10   5.3315e+04
1.0926e+10   5.3288e+04
1.0960e+10   5.3261e+04
1.0994e+10   5.3234e+04
1.1027e+10   5.3206e+04
1.1061e+10   5.3179e+04
1.1095e+10   5.3152e+04
1.1129e+10   5.3125e+04
1.1163e+10   5.3097e+04
1.1198e+10   5.3070e+04
1.1232e+10   5.3043e+04
1.1266e+10   5.3016e+04
1.1301e+10   5.2989e+04
1.1336e+10   5.2961e+04
1.1370e+10   5.2934e+04
1.1405e+10   5.2907e+04
1.1440e+10   5.2880e+04
1.1475e+10   5.2852e+04
1.1511e+10   5.2825e+04
1.1546e+10   5.2798e+04
1.1581e+10   5.2771e+04
1.1617e+10   5.2744e+04
1.1652e+10   5.2716e+04
1.1688e+10   5.2689e+04
1.1724e+10   5.2662e+04
1.1760e+10   5.2635e+04
1.1796e+10   5.2608e+04
1.1832e+10   5.2580e+04
1.1868e+10   5.2553e+04
1.1905e+10   5.2526e+04
1.1941e+10   5.2499e+04
1.1978e+10   5.2471e+04
1.2014e+10   5.2444e+04
1.2051e+10   5.2417e+04
1.2088e+10   5.2390e+04
1.2125e+10   5.2363e+04
1.2162e+10   5.2335e+04
1.2200e+10   5.2308e+04
1.2237e+10   5.2281e+04
1.2274e+10   5.2254e+04
1.2312e+10   5.2227e+04
1.2350e+10   5.2199e+04
1.2387e+10   5.2172e+04
1.2425e+10   5.2145e+04
1.2463e+10   5.2118e+04
1.2502e+10   5.2090e+04
1.2540e+10   5.2063e+04
1.2578e+10   5.2036e+04
1.2617e+10   5.2009e+04
1.2655e+10   5.1982e+04
1.2694e+10   5.1954e+04
1.2733e+10   5.1927e+04
1.2772e+10   5.1900e+04
1.2811e+10   5.1873e+04
1.2850e+10   5.1846e+04
1.2889e+10   5.1818e+04
1.2929e+10   5.1791e+04
1.2968e+10   5.1764e+04
1.3008e+10   5.1737e+04
1.3048e+10   5.1710e+04
1.3087e+10   5.1682e+04
1.3127e+10   5.1655e+04
1.3168e+10   5.1628e+04
1.3208e+10   5.1601e+04
1.3248e+10   5.1574e+04
1.3289e+10   5.1546e+04
1.3329e+10   5.1519e+04
1.3370e+10   5.1492e+04
1.3411e+10   5.1465e+04
1.3452e+10   5.1438e+04
1.3493e+10   5.1410e+04
1.3534e+10   5.1383e+04
1.3575e+10   5.1356e+04
1.3616e+10   5.1329e+04
1.3658e+10   5.1302e+04
1.3700e+10   5.1274e+04
1.3741e+10   5.1247e+04
1.3783e+10   5.1220e+04
1.3825e+10   5.1193e+04
1.3867e+10   5.1166e+04
1.3910e+10   5.1138e+04
1.3952e+10   5.1111e+04
1.3995e+10   5.1084e+04
1.4037e+10   5.1057e+04
1.4080e+10   5.1030e+04
1.4123e+10   5.1002e+04
1.4166e+10   5.0975e+04
1.4209e+10   5.0948e+04
1.4252e+10   5.0921e+04
1.4296e+10   5.0894e+04
1.4339e+10   5.0866e+04
1.4383e+10   5.0839e+04
1.4426e+10   5.0812e+04
1.4470e+10   5.0785e+04
1.4514e+10   5.0758e+04
1.4559e+10   5.0731e+04
1.4603e+10   5.0703e+04
1.4647e+10   5.0676e+04
1.4692e+10   5.0649e+04
1.4736e+10   5.0622e+04
1.4781e+10   5.0595e+04
1.4826e+10   5.0567e+04
1.4871e+10   5.0540e+04
1.4916e+10   5.0513e+04
1.4961e+10   5.0486e+04
1.5007e+10   5.0459e+04
1.5052e+10   5.0431e+04
1.5098e+10   5.0404e+04
1.5144e+10   5.0377e+04
1.5190e+10   5.0350e+04
1.5236e+10   5.0323e+04
1.5282e+10   5.0296e+04
1.5328e+10   5.0268e+04
1.5375e+10   5.0241e+04
1.5421e+10   5.0214e+04
1.5468e+10   5.0187e+04
1.5515e+10   5.0160e+04
1.5562e+10   5.0132e+04
1.5609e+10   5.0105e+04
1.5656e+10   5.0078e+04
1.5703e+10   5.0051e+04
1.5751e+10   5.0024e+04
1.5799e+10   4.9997e+04
1.5846e+10   4.9969e+04
1.5894e+10   4.9942e+04
1.5942e+10   4.9915e+04
1.5990e+10   4.9888e+04
1.6039e+10   4.9861e+04
1.6087e+10   4.9834e+04
1.6136e+10   4.9806e+04
1.6184e+10   4.9779e+04
1.6233e+10   4.9752e+04
1.6282e+10   4.9725e+04
1.6331e+10   4.9698e+04
1.6381e+10   4.9670e+04
1.6430e+10   4.9643e+04
1.6480e+10   4.9616e+04
1.6529e+10   4.9589e+04
1.6579e+10   4.9562e+04
1.6629e+10   4.9535e+04
1.6679e+10   4.9507e+04
1.6729e+10   4.9480e+04
1.6780e+10   4.9453e+04
1.6830e+10   4.9426e+04
1.6881e+10   4.9399e+04
1.6931e+10   4.9372e+04
1.6982e+10   4.9344e+04
1.7033e+10   4.9317e+04
1.7085e+10   4.9290e+04
1.7136e+10   4.9263e+04
1.7187e+10   4.9236e+04
1.7239e+10   4.9209e+04
1.7291e+10   4.9181e+04
1.7342e+10   4.9154e+04
1.7394e+10   4.9127e+04
1.7447e+10   4.9100e+04
1.7499e+10   4.9073e+04
1.7551e+10   4.9046e+04
1.7604e+10   4.9018e+04
1.7657e+10   4.8991e+04
1.7710e+10   4.8964e+04
1.7763e+10   4.8937e+04
1.7816e+10   4.8910e+04
1.7869e+10   4.8883e+04
1.7922e+10   4.8856e+04
1.7976e+10   4.8828e+04
1.8030e+10   4.8801e+04
1.8084e+10   4.8774e+04
1.8138e+10   4.8747e+04
1.8192e+10   4.8720e+04
1.8246e+10   4.8693e+04
1.8300e+10   4.8665e+04
1.8355e+10   4.8638e+04
1.8410e+10   4.8611e+04
1.8465e+10   4.8584e+04
1.8520e+10   4.8557e+04
1.8575e+10   4.8530e+04
1.8630e+10   4.8503e+04
1.8685e+10   4.8475e+04
1.8741e+10   4.8448e+04
1.8797e+10   4.8421e+04
1.8853e+10   4.8394e+04
1.8909e+10   4.8367e+04
1.8965e+10   4.8340e+04
1.9021e+10   4.8312e+04
1.9078e+10   4.8285e+04
1.9134e+10   4.8258e+04
1.9191e+10   4.8231e+04
1.9248e+10   4.8204e+04
1.9305e+10   4.8177e+04
1.9362e+10   4.8150e+04
1.9419e+10   4.8122e+04
1.9477e+10   4.8095e+04
1.9534e+10   4.8068e+04
1.9592e+10   4.8041e+04
1.9650e+10   4.8014e+04
1.9708e+10   4.7987e+04
1.9766e+10   4.7960e+04
1.9825e+10   4.7932e+04
1.9883e+10   4.7905e+04
1.9942e+10   4.7878e+04
2.0001e+10   4.7851e+04
2.0060e+10   4.7824e+04
2.0119e+10   4.7797e+04
2.0178e+10   4.7770e+04
2.0238e+10   4.7742e+04
2.0297e+10   4.7715e+04
2.0357e+10   4.7688e+04
2.0417e+10   4.7661e+04
2.0477e+10   4.7634e+04
2.0537e+10   4.7607e+04
2.0597e+10   4.7580e+04
2.0657e+10   4.7552e+04
2.0718e+10   4.7525e+04
2.0779e+10   4.7498e+04
2.0840e+10   4.7471e+04
2.0901e+10   4.7444e+04
2.0962e+10   4.7417e+04
2.1023e+10   4.7390e+04
2.1085e+10   4.7362e+04
2.1146e+10   4.7335e+04
2.1208e+10   4.7308e+04
2.1270e+10   4.7281e+04
2.1332e+10   4.7254e+04
2.1394e+10   4.7227e+04
2.1457e+10   4.7200e+04
2.1519e+10   4.7173e+04
2.1582e+10   4.7145e+04
2.1645e+10   4.7118e+04
2.1708e+10   4.7091e+04
2.1771e+10   4.7064e+04
2.1834e+10   4.7037e+04
2.1898e+10   4.7010e+04
2.1961e+10   4.6983e+04
2.2025e+10   4.6956e+04
2.2089e+10   4.6928e+04
2.2153e+10   4.6901e+04
2.2217e+10   4.6874e+04
2.2281e+10   4.6847e+04
2.2346e+10   4.6820e+04
2.2411e+10   4.6793e+04
2.2475e+10   4.6766e+04
2.2540e+10   4.6739e+04
2.2605e+10   4.6711e+04
2.2671e+10   4.6684e+04
2.2736e+10   4.6657e+04
2.2802e+10   4.6630e+04
2.2867e+10   4.6603e+04
2.2933e+10   4.6576e+04
2.2999e+10   4.6549e+04
2.3065e+10   4.6522e+04
2.3131e+10   4.6494e+04
2.3198e+10   4.6467e+04
2.3264e+10   4.6440e+04
2.3331e+10   4.6413e+04
2.3398e+10   4.6386e+04
2.3465e+10   4.6359e+04
2.3532e+10   4.6332e+04
2.3600e+10   4.6305e+04
2.3667e+10   4.6278e+04
2.3735e+10   4.6250e+04
2.3802e+10   4.6223e+04
2.3870e+10   4.6196e+04
2.3938e+10   4.6169e+04
2.4007e+10   4.6142e+04
2.4075e+10   4.6115e+04
2.4143e+10   4.6088e+04
2.4212e+10   4.6061e+04
2.4281e+10   4.6034e+04
2.4350e+10   4.6006e+04
2.4419e+10   4.5979e+04
2.4488e+10   4.5952e+04
2.4558e+10   4.5925e+04
2.4627e+10   4.5898e+04
2.4697e+10   4.5871e+04
2.4767e+10   4.5844e+04
2.4837e+10   4.5817e+04
2.4907e+10   4.5790e+04
2.4977e+10   4.5762e+04
2.5047e+10   4.5735e+04
2.5118e+10   4.5708e+04
2.5189e+10   4.5681e+04
2.5259e+10   4.5654e+04
2.5330e+10   4.5627e+04
2.5402e+10   4.5600e+04
2.5473e+10   4.5573e+04
2.5544e+10   4.5546e+04
2.5616e+10   4.5519e+04
2.5688e+10   4.5491e+04
2.5759e+10   4.5464e+04
2.5831e+10   4.5437e+04
2.5903e+10   4.5410e+04
2.5976e+10   4.5383e+04
2.6048e+10   4.5356e+04
2.6121e+10   4.5329e+04
2.6193e+10   4.5302e+04
2.6266e+10   4.5275e+04
2.6339e+10   4.5248e+04
2.6412e+10   4.5221e+04
2.6486e+10   4.5193e+04
2.6559e+10   4.5166e+04
2.6632e+10   4.5139e+04
2.6706e+10   4.5112e+04
2.6780e+10   4.5085e+04
2.6854e+10   4.5058e+04
2.6928e+10   4.5031e+04
2.7002e+10   4.5004e+04
2.7077e+10   4.4977e+04
2.7151e+10   4.4950e+04
2.7226e+10   4.4923e+04
2.7300e+10   4.4895e+04
4.3276e+10   4.4868e+04
4.3530e+10   4.4841e+04
4.3639e+10   4.4814e+04
4.3748e+10   4.4787e+04
4.3857e+10   4.4760e+04
4.3967e+10   4.4733e+04
4.4076e+10   4.4706e+04
4.4185e+10   4.4679e+04
4.4295e+10   4.4652e+04
4.4405e+10   4.4625e+04
4.4514e+10   4.4598e+04
4.4624e+10   4.4570e+04
4.4734e+10   4.4543e+04
4.4844e+10   4.4516e+04
4.4954e+10   4.4489e+04
4.5064e+10   4.4462e+04
4.5175e+10   4.4435e+04
4.5285e+10   4.4408e+04
4.5396e+10   4.4381e+04
4.5506e+10   4.4354e+04
4.5617e+10   4.4327e+04
4.5728e+10   4.4300e+04
4.5838e+10   4.4273e+04
4.5949e+10   4.4246e+04
4.6060e+10   4.4219e+04
4.6171e+10   4.4191e+04
4.6282e+10   4.4164e+04
4.6393e+10   4.4137e+04
4.6505e+10   4.4110e+04
4.6616e+10   4.4083e+04
4.6727e+10   4.4056e+04
4.6839e+10   4.4029e+04
4.6950e+10   4.4002e+04
4.7062e+10   4.3975e+04
4.7173e+10   4.3948e+04
4.7285e+10   4.3921e+04
4.7396e+10   4.3894e+04
4.7508e+10   4.3867e+04
4.7620e+10   4.3840e+04
4.7732e+10   4.3813e+04
4.7843e+10   4.3786e+04
4.7955e+10   4.3758e+04
4.8067e+10   4.3731e+04
4.8179e+10   4.3704e+04
4.8291e+10   4.3677e+04
4.8403e+10   4.3650e+04
4.8515e+10   4.3623e+04
4.8627e+10   4.3596e+04
4.8739e+10   4.3569e+04
4.8851e+10   4.3542e+04
4.8963e+10   4.3515e+04
4.9076e+10   4.3488e+04
4.9188e+10   4.3461e+04
4.9300e+10   4.3434e+04
4.9412e+10   4.3407e+04
4.9524e+10   4.3380e+04
4.9636e+10   4.3353e+04
4.9748e+10   4.3326e+04
4.9860e+10   4.3299e+04
4.9973e+10   4.3272e+04
5.0085e+10   4.3245e+04
5.0197e+10   4.3217e+04
5.0309e+10   4.3190e+04
5.0421e+10   4.3163e+04
5.0533e+10   4.3136e+04
5.0645e+10   4.3109e+04
5.0757e+10   4.3082e+04
5.0869e+10   4.3055e+04
5.0981e+10   4.3028e+04
5.1093e+10   4.3001e+04
5.1204e+10   4.2974e+04
5.1316e+10   4.2947e+04
5.1428e+10   4.2920e+04
5.1540e+10   4.2893e+04
5.1651e+10   4.2866e+04
5.1763e+10   4.2839e+04
5.1874e+10   4.2812e+04
5.1986e+10   4.2785e+04
5.2097e+10   4.2758e+04
5.2209e+10   4.2731e+04
5.2320e+10   4.2704e+04
5.2431e+10   4.2677e+04
5.2542e+10   4.2650e+04
5.2653e+10   4.2623e+04
5.2764e+10   4.2596e+04
5.2875e+10   4.2569e+04
5.2986e+10   4.2542e+04
5.3096e+10   4.2515e+04
5.3207e+10   4.2488e+04
5.3317e+10   4.2461e+04
5.3427e+10   4.2434e+04
5.3538e+10   4.2407e+04
5.3648e+10   4.2379e+04
5.3758e+10   4.2352e+04
5.3868e+10   4.2325e+04
5.3977e+10   4.2298e+04
5.4087e+10   4.2271e+04
5.4196e+10   4.2244e+04
5.4306e+10   4.2217e+04
5.4415e+10   4.2190e+04
4.3286e+10   4.2163e+04
4.3372e+10   4.2136e+04
4.3458e+10   4.2109e+04
4.3544e+10   4.2082e+04
4.3630e+10   4.2055e+04
4.3716e+10   4.2028e+04
4.3802e+10   4.2001e+04
4.3888e+10   4.1974e+04
4.3973e+10   4.1947e+04
4.4059e+10   4.1920e+04
4.4144e+10   4.1893e+04
4.4229e+10   4.1866e+04
4.4314e+10   4.1839e+04
4.4398e+10   4.1812e+04
4.4483e+10   4.1785e+04
4.4567e+10   4.1758e+04
4.4652e+10   4.1731e+04
4.4736e+10   4.1704e+04
4.4819e+10   4.1677e+04
4.4903e+10   4.1650e+04
4.4987e+10   4.1623e+04
4.5070e+10   4.1596e+04
4.5153e+10   4.1569e+04
4.5236e+10   4.1542e+04
4.5319e+10   4.1515e+04
4.5401e+10   4.1488e+04
4.5483e+10   4.1461e+04
4.5565e+10   4.1434e+04
4.5647e+10   4.1407e+04
4.5729e+10   4.1380e+04
4.5810e+10   4.1353e+04
4.5891e+10   4.1326e+04
4.5972e+10   4.1299e+04
4.6053e+10   4.1272e+04
4.6133e+10   4.1245e+04
4.6214e+10   4.1218e+04
4.6293e+10   4.1191e+04
4.6373e+10   4.1165e+04
4.6453e+10   4.1138e+04
4.6532e+10   4.1111e+04
4.6611e+10   4.1084e+04
4.6689e+10   4.1057e+04
4.6768e+10   4.1030e+04
4.6846e+10   4.1003e+04
4.6923e+10   4.0976e+04
4.7001e+10   4.0949e+04
4.7078e+10   4.0922e+04
4.7155e+10   4.0895e+04
4.7231e+10   4.0868e+04
4.7308e+10   4.0841e+04
4.7384e+10   4.0814e+04
4.7459e+10   4.0787e+04
4.7535e+10   4.0760e+04
4.7609e+10   4.0733e+04
4.7684e+10   4.0706e+04
4.7758e+10   4.0679e+04
4.7832e+10   4.0652e+04
4.7906e+10   4.0625e+04
4.7979e+10   4.0598e+04
4.8052e+10   4.0571e+04
4.8125e+10   4.0544e+04
4.8197e+10   4.0517e+04
4.8268e+10   4.0490e+04
4.8340e+10   4.0463e+04
4.8411e+10   4.0436e+04
4.8481e+10   4.0409e+04
4.8552e+10   4.0383e+04
4.8621e+10   4.0356e+04
4.8691e+10   4.0329e+04
4.8760e+10   4.0302e+04
4.8828e+10   4.0275e+04
4.8896e+10   4.0248e+04
4.8964e+10   4.0221e+04
4.9031e+10   4.0194e+04
4.9098e+10   4.0167e+04
4.9165e+10   4.0140e+04
4.9231e+10   4.0113e+04
4.9296e+10   4.0086e+04
4.9361e+10   4.0059e+04
4.9426e+10   4.0032e+04
4.9490e+10   4.0005e+04
4.9553e+10   3.9978e+04
4.9616e+10   3.9951e+04
4.9679e+10   3.9924e+04
4.9741e+10   3.9898e+04
4.9803e+10   3.9871e+04
4.9864e+10   3.9844e+04
4.9924e+10   3.9817e+04
4.9984e+10   3.9790e+04
5.0044e+10   3.9763e+04
5.0103e+10   3.9736e+04
5.0161e+10   3.9709e+04
5.0219e+10   3.9682e+04
5.0277e+10   3.9655e+04
5.0333e+10   3.9628e+04
5.0390e+10   3.9601e+04
5.0445e+10   3.9574e+04
5.0500e+10   3.9548e+04
5.0555e+10   3.9521e+04
5.0609e+10   3.9494e+04
5.0662e+10   3.9467e+04
5.0714e+10   3.9440e+04
5.0767e+10   3.9413e+04
5.0818e+10   3.9386e+04
5.0869e+10   3.9359e+04
5.0919e+10   3.9332e+04
5.0968e+10   3.9305e+04
5.1017e+10   3.9278e+04
5.1066e+10   3.9251e+04
5.1113e+10   3.9225e+04
5.1160e+10   3.9198e+04
5.1206e+10   3.9171e+04
5.1252e+10   3.9144e+04
5.1297e+10   3.9117e+04
5.1341e+10   3.9090e+04
5.1384e+10   3.9063e+04
5.1427e+10   3.9036e+04
5.1469e+10   3.9009e+04
5.1510e+10   3.8983e+04
5.1551e+10   3.8956e+04
5.1591e+10   3.8929e+04
5.1630e+10   3.8902e+04
5.1668e+10   3.8875e+04
5.1706e+10   3.8848e+04
5.1743e+10   3.8821e+04
5.1779e+10   3.8794e+04
5.1814e+10   3.8767e+04
5.1848e+10   3.8741e+04
5.1882e+10   3.8714e+04
5.1915e+10   3.8687e+04
5.1947e+10   3.8660e+04
5.1978e+10   3.8633e+04
5.2009e+10   3.8606e+04
5.2038e+10   3.8579e+04
5.2067e+10   3.8552e+04
5.2095e+10   3.8526e+04
5.2122e+10   3.8499e+04
5.2148e+10   3.8472e+04
5.2173e+10   3.8445e+04
5.2197e+10   3.8418e+04
5.2221e+10   3.8391e+04
5.2243e+10   3.8364e+04
5.2265e+10   3.8337e+04
5.2286e+10   3.8311e+04
5.2306e+10   3.8284e+04
5.2324e+10   3.8257e+04
5.2342e+10   3.8230e+04
5.2359e+10   3.8203e+04
5.2375e+10   3.8176e+04
5.2390e+10   3.8149e+04
5.2404e+10   3.8123e+04
5.2418e+10   3.8096e+04
5.2430e+10   3.8069e+04
5.2441e+10   3.8042e+04
5.2451e+10   3.8015e+04
5.2460e+10   3.7988e+04
5.2468e+10   3.7962e+04
5.2475e+10   3.7935e+04
5.2481e+10   3.7908e+04
5.2486e+10   3.7881e+04
5.2490e+10   3.7854e+04
5.2493e+10   3.7827e+04
5.2495e+10   3.7800e+04
5.2495e+10   3.7774e+04
5.2495e+10   3.7747e+04
5.2493e+10   3.7720e+04
5.2491e+10   3.7693e+04
5.2487e+10   3.7666e+04
5.2482e+10   3.7640e+04
5.2476e+10   3.7613e+04
5.2469e+10   3.7586e+04
5.2460e+10   3.7559e+04
5.2451e+10   3.7532e+04
5.2440e+10   3.7505e+04
5.2429e+10   3.7479e+04
5.2415e+10   3.7452e+04
5.2401e+10   3.7425e+04
5.2386e+10   3.7398e+04
5.2369e+10   3.7371e+04
5.2351e+10   3.7345e+04
5.2332e+10   3.7318e+04
5.2312e+10   3.7291e+04
5.2290e+10   3.7264e+04
5.2268e+10   3.7237e+04
5.2243e+10   3.7211e+04
5.2218e+10   3.7184e+04
5.2191e+10   3.7157e+04
5.2163e+10   3.7130e+04
5.2134e+10   3.7103e+04
5.2104e+10   3.7077e+04
5.2072e+10   3.7050e+04
5.2038e+10   3.7023e+04
5.2004e+10   3.6996e+04
5.1968e+10   3.6969e+04
5.1931e+10   3.6943e+04
5.1892e+10   3.6916e+04
5.1852e+10   3.6889e+04
5.1811e+10   3.6862e+04
5.1768e+10   3.6836e+04
5.1724e+10   3.6809e+04
5.1678e+10   3.6782e+04
5.1631e+10   3.6755e+04
5.1583e+10   3.6728e+04
5.1533e+10   3.6702e+04
5.1482e+10   3.6675e+04
5.1429e+10   3.6648e+04
5.1375e+10   3.6621e+04
5.1319e+10   3.6595e+04
5.1262e+10   3.6568e+04
5.1203e+10   3.6541e+04
5.1143e+10   3.6514e+04
5.1081e+10   3.6488e+04
5.1018e+10   3.6461e+04
5.0954e+10   3.6434e+04
5.0887e+10   3.6407e+04
5.0820e+10   3.6381e+04
5.0750e+10   3.6354e+04
5.0680e+10   3.6327e+04
5.0607e+10   3.6300e+04
5.0533e+10   3.6274e+04
5.0458e+10   3.6247e+04
5.0381e+10   3.6220e+04
7.9375e+10   3.6193e+04
7.9409e+10   3.6167e+04
7.9162e+10   3.6140e+04
7.8912e+10   3.6113e+04
7.8659e+10   3.6087e+04
7.8403e+10   3.6060e+04
7.8143e+10   3.6033e+04
7.7881e+10   3.6006e+04
7.7615e+10   3.5980e+04
7.7346e+10   3.5953e+04
7.7074e+10   3.5926e+04
7.6798e+10   3.5900e+04
7.6520e+10   3.5873e+04
7.6238e+10   3.5846e+04
7.5953e+10   3.5820e+04
7.5665e+10   3.5793e+04
7.5374e+10   3.5766e+04
7.5080e+10   3.5739e+04
7.4782e+10   3.5713e+04
7.4481e+10   3.5686e+04
7.4177e+10   3.5659e+04
7.3870e+10   3.5633e+04
7.3560e+10   3.5606e+04
7.3246e+10   3.5579e+04
7.2929e+10   3.5553e+04
7.2609e+10   3.5526e+04
7.2286e+10   3.5499e+04
7.1960e+10   3.5473e+04
7.1630e+10   3.5446e+04
7.1297e+10   3.5419e+04
7.0961e+10   3.5393e+04
7.0622e+10   3.5366e+04
7.0280e+10   3.5339e+04
6.9934e+10   3.5313e+04
6.9586e+10   3.5286e+04
6.9234e+10   3.5260e+04
6.8879e+10   3.5233e+04
6.8520e+10   3.5206e+04
6.8159e+10   3.5180e+04
6.7795e+10   3.5153e+04
6.7427e+10   3.5126e+04
6.7056e+10   3.5100e+04
6.6682e+10   3.5073e+04
6.6305e+10   3.5047e+04
6.5925e+10   3.5020e+04
6.5542e+10   3.4993e+04
6.5156e+10   3.4967e+04
6.4766e+10   3.4940e+04
6.4374e+10   3.4914e+04
6.3979e+10   3.4887e+04
6.3580e+10   3.4860e+04
6.3179e+10   3.4834e+04
6.2774e+10   3.4807e+04
6.2367e+10   3.4781e+04
6.1956e+10   3.4754e+04
6.1543e+10   3.4728e+04
6.1126e+10   3.4701e+04
6.0707e+10   3.4674e+04
6.0285e+10   3.4648e+04
5.9860e+10   3.4621e+04
5.9432e+10   3.4595e+04
5.9001e+10   3.4568e+04
5.8568e+10   3.4542e+04
5.8131e+10   3.4515e+04
5.7692e+10   3.4489e+04
5.7250e+10   3.4462e+04
5.6806e+10   3.4436e+04
5.6359e+10   3.4409e+04
5.5909e+10   3.4383e+04
5.5456e+10   3.4356e+04
5.5001e+10   3.4330e+04
5.4543e+10   3.4303e+04
5.4083e+10   3.4277e+04
5.3620e+10   3.4250e+04
5.3155e+10   3.4224e+04
5.2687e+10   3.4197e+04
5.2217e+10   3.4171e+04
5.1744e+10   3.4144e+04
5.1270e+10   3.4118e+04
5.0792e+10   3.4091e+04
5.0313e+10   3.4065e+04
4.9831e+10   3.4038e+04
4.9347e+10   3.4012e+04
4.8861e+10   3.3985e+04
4.8373e+10   3.3959e+04
4.7883e+10   3.3932e+04
4.7391e+10   3.3906e+04
4.6897e+10   3.3880e+04
4.6401e+10   3.3853e+04
4.5903e+10   3.3827e+04
4.5403e+10   3.3800e+04
4.4902e+10   3.3774e+04
4.4398e+10   3.3747e+04
4.3893e+10   3.3721e+04
4.3387e+10   3.3695e+04
4.2879e+10   3.3668e+04
4.2369e+10   3.3642e+04
4.1858e+10   3.3615e+04
4.1346e+10   3.3589e+04
4.0832e+10   3.3563e+04
3.2007e+10   3.3536e+04
3.1597e+10   3.3510e+04
3.1187e+10   3.3484e+04
3.0775e+10   3.3457e+04
3.0363e+10   3.3431e+04
2.9950e+10   3.3405e+04
2.9536e+10   3.3378e+04
2.9121e+10   3.3352e+04
2.8706e+10   3.3326e+04
2.8291e+10   3.3299e+04
2.7875e+10   3.3273e+04
2.7459e+10   3.3247e+04
2.7042e+10   3.3220e+04
2.6625e+10   3.3194e+04
2.6208e+10   3.3168e+04
2.5791e+10   3.3141e+04
2.5373e+10   3.3115e+04
2.4956e+10   3.3089e+04
2.4539e+10   3.3063e+04
2.4122e+10   3.3036e+04
2.3705e+10   3.3010e+04
2.3288e+10   3.2984e+04
2.2872e+10   3.2958e+04
2.2456e+10   3.2931e+04
2.2041e+10   3.2905e+04
2.1626e+10   3.2879e+04
2.1212e+10   3.2853e+04
2.0799e+10   3.2827e+04
2.0386e+10   3.2800e+04
1.9975e+10   3.2774e+04
1.9564e+10   3.2748e+04
1.9155e+10   3.2722e+04
1.8746e+10   3.2696e+04
1.8339e+10   3.2670e+04
1.7934e+10   3.2644e+04
1.7530e+10   3.2617e+04
1.7127e+10   3.2591e+04
1.6726e+10   3.2565e+04
1.6327e+10   3.2539e+04
1.5930e+10   3.2513e+04
1.5534e+10   3.2487e+04
1.5141e+10   3.2461e+04
1.4750e+10   3.2435e+04
1.4361e+10   3.2409e+04
1.3974e+10   3.2383e+04
1.3590e+10   3.2357e+04
1.3208e+10   3.2331e+04
1.2829e+10   3.2305e+04
1.2453e+10   3.2279e+04
1.2080e+10   3.2253e+04
1.1710e+10   3.2227e+04
1.1343e+10   3.2201e+04
1.0979e+10   3.2175e+04
1.0619e+10   3.2149e+04
1.0262e+10   3.2123e+04
9.9087e+09   3.2097e+04
9.5592e+09   3.2071e+04
9.2137e+09   3.2045e+04
8.8722e+09   3.2019e+04
8.5348e+09   3.1993e+04
8.2017e+09   3.1967e+04
7.8731e+09   3.1941e+04
7.5490e+09   3.1916e+04
7.2297e+09   3.1890e+04
6.9152e+09   3.1864e+04
6.6057e+09   3.1838e+04
6.3014e+09   3.1812e+04
6.0023e+09   3.1787e+04
5.7088e+09   3.1761e+04
5.4208e+09   3.1735e+04
5.1387e+09   3.1709e+04
4.8625e+09   3.1684e+04
4.5924e+09   3.1658e+04
4.3286e+09   3.1632e+04
4.0713e+09   3.1607e+04
3.8206e+09   3.1581e+04
3.5767e+09   3.1555e+04
3.3398e+09   3.1530e+04
3.1101e+09   3.1504e+04
2.8877e+09   3.1479e+04
2.6730e+09   3.1453e+04
2.4659e+09   3.1428e+04
2.2668e+09   3.1402e+04
2.0758e+09   3.1377e+04
1.8930e+09   3.1351e+04
1.7187e+09   3.1326e+04
1.5530e+09   3.1301e+04
1.3961e+09   3.1275e+04
1.2481e+09   3.1250e+04
1.1090e+09   3.1225e+04
9.7898e+08   3.1199e+04
8.5805e+08   3.1174e+04
7.4621e+08   3.1149e+04
6.4340e+08   3.1124e+04
5.4952e+08   3.1099e+04
4.6440e+08   3.1074e+04
3.8782e+08   3.1049e+04
3.1950e+08   3.1024e+04
2.5909e+08   3.0999e+04
2.0620e+08   3.0974e+04
1.6039e+08   3.0949e+04
1.2121e+08   3.0925e+04
8.8167e+07   3.0900e+04
6.0801e+07   3.0876e+04
3.8665e+07   3.0851e+04
2.1349e+07   3.0827e+04
8.4540e+06   3.0803e+04
