Dia: 16.0 m | Vel: 20.0 km/s | theta: 45.0 deg | Strength: 1.0e+05 Pa
Power (W)    Time (sec)
5.3263e+10   3.0000e-03
5.3453e+10   6.0000e-03
5.3644e+10   9.0000e-03
5.3836e+10   1.2000e-02
5.4028e+10   1.5000e-02
5.4221e+10   1.8000e-02
5.4415e+10   2.1000e-02
5.4610e+10   2.4000e-02
5.4805e+10   2.7000e-02
5.5002e+10   3.0000e-02
5.5198e+10   3.3000e-02
5.5396e+10   3.6000e-02
5.5595e+10   3.9000e-02
5.5794e+10   4.2000e-02
5.5994e+10   4.5000e-02
5.6194e+10   4.8000e-02
5.6396e+10   5.1000e-02
5.6598e+10   5.4000e-02
5.6801e+10   5.7000e-02
5.7005e+10   6.0000e-02
5.7210e+10   6.3000e-02
5.7415e+10   6.6000e-02
5.7622e+10   6.9000e-02
5.7829e+10   7.2000e-02
5.8037e+10   7.5000e-02
5.8245e+10   7.8000e-02
5.8455e+10   8.1000e-02
5.8665e+10   8.4000e-02
5.8876e+10   8.7000e-02
5.9088e+10   9.0000e-02
5.9301e+10   9.3000e-02
5.9514e+10   9.6000e-02
5.9729e+10   9.9000e-02
5.9944e+10   1.0200e-01
6.0160e+10   1.0500e-01
6.0377e+10   1.0800e-01
6.0595e+10   1.1100e-01
6.0813e+10   1.1400e-01
6.1033e+10   1.1700e-01
6.1253e+10   1.2000e-01
6.1474e+10   1.2300e-01
6.1696e+10   1.2600e-01
6.1919e+10   1.2900e-01
6.2143e+10   1.3200e-01
6.2367e+10   1.3500e-01
6.2593e+10   1.3800e-01
6.2819e+10   1.4100e-01
6.3047e+10   1.4400e-01
6.3275e+10   1.4700e-01
6.3504e+10   1.5000e-01
6.3734e+10   1.5300e-01
6.3965e+10   1.5600e-01
6.4196e+10   1.5900e-01
6.4429e+10   1.6200e-01
6.4663e+10   1.6500e-01
6.4897e+10   1.6800e-01
6.5132e+10   1.7100e-01
6.5369e+10   1.7400e-01
6.5606e+10   1.7700e-01
6.5844e+10   1.8000e-01
6.6083e+10   1.8300e-01
6.6323e+10   1.8600e-01
6.6564e+10   1.8900e-01
6.6806e+10   1.9200e-01
6.7049e+10   1.9500e-01
6.7293e+10   1.9800e-01
6.7538e+10   2.0100e-01
6.7783e+10   2.0400e-01
6.8030e+10   2.0700e-01
6.8278e+10   2.1000e-01
6.8526e+10   2.1300e-01
6.8776e+10   2.1600e-01
6.9027e+10   2.1900e-01
6.9278e+10   2.2200e-01
6.9531e+10   2.2500e-01
6.9784e+10   2.2800e-01
7.0039e+10   2.3100e-01
7.0294e+10   2.3400e-01
7.0551e+10   2.3700e-01
7.0809e+10   2.4000e-01
7.1067e+10   2.4300e-01
7.1327e+10   2.4600e-01
7.1587e+10   2.4900e-01
7.1849e+10   2.5200e-01
7.2112e+10   2.5500e-01
7.2376e+10   2.5800e-01
7.2640e+10   2.6100e-01
7.2906e+10   2.6400e-01
7.3173e+10   2.6700e-01
7.3441e+10   2.7000e-01
7.3710e+10   2.7300e-01
7.3980e+10   2.7600e-01
7.4251e+10   2.7900e-01
7.4523e+10   2.8200e-01
7.4797e+10   2.8500e-01
7.5071e+10   2.8800e-01
7.5346e+10   2.9100e-01
7.5623e+10   2.9400e-01
7.5901e+10   2.9700e-01
7.6179e+10   3.0000e-01
7.6459e+10   3.0300e-01
7.6740e+10   3.0600e-01
7.7022e+10   3.0900e-01
7.7305e+10   3.1200e-01
7.7589e+10   3.1500e-01
7.7875e+10   3.1800e-01
7.8161e+10   3.2100e-01
7.8449e+10   3.2400e-01
7.8738e+10   3.2700e-01
7.9028e+10   3.3000e-01
7.9319e+10   3.3300e-01
7.9611e+10   3.3600e-01
7.9905e+10   3.3900e-01
8.0199e+10   3.4200e-01
8.0495e+10   3.4500e-01
8.0792e+10   3.4800e-01
8.1090e+10   3.5100e-01
8.1390e+10   3.5400e-01
8.1690e+10   3.5700e-01
8.1992e+10   3.6000e-01
8.2295e+10   3.6300e-01
8.2599e+10   3.6600e-01
8.2904e+10   3.6900e-01
8.3211e+10   3.7200e-01
8.3519e+10   3.7500e-01
8.3828e+10   3.7800e-01
8.4138e+10   3.8100e-01
8.4449e+10   3.8400e-01
8.4762e+10   3.8700e-01
8.5076e+10   3.9000e-01
8.5391e+10   3.9300e-01
8.5708e+10   3.9600e-01
8.6026e+10   3.9900e-01
8.6345e+10   4.0200e-01
8.6665e+10   4.0500e-01
8.6986e+10   4.0800e-01
8.7309e+10   4.1100e-01
8.7633e+10   4.1400e-01
8.7959e+10   4.1700e-01
8.8286e+10   4.2000e-01
8.8614e+10   4.2300e-01
8.8943e+10   4.2600e-01
8.9274e+10   4.2900e-01
8.9606e+10   4.3200e-01
8.9939e+10   4.3500e-01
9.0274e+10   4.3800e-01
9.0610e+10   4.4100e-01
9.0947e+10   4.4400e-01
9.1286e+10   4.4700e-01
9.1626e+10   4.5000e-01
9.1968e+10   4.5300e-01
9.2311e+10   4.5600e-01
9.2655e+10   4.5900e-01
9.3001e+10   4.6200e-01
9.3348e+10   4.6500e-01
9.3696e+10   4.6800e-01
9.4046e+10   4.7100e-01
9.4397e+10   4.7400e-01
9.4750e+10   4.7700e-01
9.5104e+10   4.8000e-01
9.5459e+10   4.8300e-01
9.5816e+10   4.8600e-01
9.6175e+10   4.8900e-01
9.6534e+10   4.9200e-01
9.6896e+10   4.9500e-01
9.7258e+10   4.9800e-01
9.7623e+10   5.0100e-01
9.7988e+10   5.0400e-01
9.8355e+10   5.0700e-01
9.8724e+10   5.1000e-01
9.9094e+10   5.1300e-01
9.9466e+10   5.1600e-01
9.9839e+10   5.1900e-01
1.0021e+11   5.2200e-01
1.0059e+11   5.2500e-01
1.0097e+11   5.2800e-01
1.0135e+11   5.3100e-01
1.0173e+11   5.3400e-01
1.0211e+11   5.3700e-01
1.0249e+11   5.4000e-01
1.0288e+11   5.4300e-01
1.0327e+11   5.4600e-01
1.0365e+11   5.4900e-01
1.0404e+11   5.5200e-01
1.0444e+11   5.5500e-01
1.0483e+11   5.5800e-01
1.0522e+11   5.6100e-01
1.0562e+11   5.6400e-01
1.0602e+11   5.6700e-01
1.0642e+11   5.7000e-01
1.0682e+11   5.7300e-01
1.0722e+11   5.7600e-01
1.0763e+11   5.7900e-01
1.0803e+11   5.8200e-01
1.0844e+11   5.8500e-01
1.0885e+11   5.8800e-01
1.0926e+11   5.9100e-01
1.0967e+11   5.9400e-01
1.1009e+11   5.9700e-01
1.1051e+11   6.0000e-01
1.1092e+11   6.0300e-01
1.1134e+11   6.0600e-01
1.1176e+11   6.0900e-01
1.1219e+11   6.1200e-01
1.1261e+11   6.1500e-01
1.1304e+11   6.1800e-01
1.1347e+11   6.2100e-01
1.1390e+11   6.2400e-01
1.1433e+11   6.2700e-01
1.1476e+11   6.3000e-01
1.1520e+11   6.3300e-01
1.1564e+11   6.3600e-01
1.1607e+11   6.3900e-01
1.1652e+11   6.4200e-01
1.1696e+11   6.4500e-01
1.1740e+11   6.4800e-01
1.1785e+11   6.5100e-01
1.1830e+11   6.5400e-01
1.1875e+11   6.5700e-01
1.1920e+11   6.6000e-01
1.1965e+11   6.6300e-01
1.2011e+11   6.6600e-01
1.2056e+11   6.6900e-01
1.2102e+11   6.7200e-01
1.2148e+11   6.7500e-01
1.2195e+11   6.7800e-01
1.2241e+11   6.8100e-01
1.2288e+11   6.8400e-01
1.2335e+11   6.8700e-01
1.2382e+11   6.9000e-01
1.2429e+11   6.9300e-01
1.2476e+11   6.9600e-01
1.2524e+11   6.9900e-01
1.2572e+11   7.0200e-01
1.2620e+11   7.0500e-01
1.2668e+11   7.0800e-01
1.2717e+11   7.1100e-01
1.2765e+11   7.1400e-01
1.2814e+11   7.1700e-01
1.2863e+11   7.2000e-01
1.2912e+11   7.2300e-01
1.2962e+11   7.2600e-01
1.3011e+11   7.2900e-01
1.3061e+11   7.3200e-01
1.3111e+11   7.3500e-01
1.3162e+11   7.3800e-01
1.3212e+11   7.4100e-01
1.3263e+11   7.4400e-01
1.3314e+11   7.4700e-01
1.3365e+11   7.5000e-01
1.3416e+11   7.5300e-01
1.3468e+11   7.5600e-01
1.3519e+11   7.5900e-01
1.3571e+11   7.6200e-01
1.3623e+11   7.6500e-01
1.3676e+11   7.6800e-01
1.3728e+11   7.7100e-01
1.3781e+11   7.7400e-01
1.3834e+11   7.7700e-01
1.3888e+11   7.8000e-01
1.3941e+11   7.8300e-01
1.3995e+11   7.8600e-01
1.4049e+11   7.8900e-01
1.4103e+11   7.9200e-01
1.4157e+11   7.9500e-01
1.4212e+11   7.9800e-01
1.4267e+11   8.0100e-01
1.4322e+11   8.0400e-01
1.4377e+11   8.0700e-01
1.4432e+11   8.1000e-01
1.4488e+11   8.1300e-01
1.4544e+11   8.1600e-01
1.4600e+11   8.1900e-01
1.4657e+11   8.2200e-01
1.4714e+11   8.2500e-01
1.4770e+11   8.2800e-01
1.4828e+11   8.3100e-01
1.4885e+11   8.3400e-01
1.4943e+11   8.3700e-01
1.5001e+11   8.4000e-01
1.5059e+11   8.4300e-01
1.5117e+11   8.4600e-01
1.5176e+11   8.4900e-01
1.5234e+11   8.5200e-01
1.5294e+11   8.5500e-01
1.5353e+11   8.5800e-01
1.5412e+11   8.6100e-01
1.5472e+11   8.6400e-01
1.5532e+11   8.6700e-01
1.5593e+11   8.7000e-01
1.5653e+11   8.7300e-01
1.5714e+11   8.7600e-01
1.5775e+11   8.7900e-01
1.5837e+11   8.8200e-01
1.5898e+11   8.8500e-01
1.5960e+11   8.8800e-01
1.6022e+11   8.9100e-01
1.6085e+11   8.9400e-01
1.6147e+11   8.9700e-01
1.6210e+11   9.0000e-01
1.6273e+11   9.0300e-01
1.6337e+11   9.0600e-01
1.6401e+11   9.0900e-01
1.6465e+11   9.1200e-01
1.6529e+11   9.1500e-01
1.6593e+11   9.1800e-01
1.6658e+11   9.2100e-01
1.6723e+11   9.2400e-01
1.6789e+11   9.2700e-01
1.6854e+11   9.3000e-01
1.6920e+11   9.3300e-01
1.6986e+11   9.3600e-01
1.7053e+11   9.3900e-01
1.7119e+11   9.4200e-01
1.7186e+11   9.4500e-01
1.7254e+11   9.4800e-01
1.7321e+11   9.5100e-01
1.7389e+11   9.5400e-01
1.7457e+11   9.5700e-01
1.7526e+11   9.6000e-01
1.7595e+11   9.6300e-01
1.7664e+11   9.6600e-01
1.7733e+11   9.6900e-01
1.7803e+11   9.7200e-01
1.7872e+11   9.7500e-01
1.7943e+11   9.7800e-01
1.8013e+11   9.8100e-01
1.8084e+11   9.8400e-01
1.8155e+11   9.8700e-01
1.8226e+11   9.9000e-01
1.8298e+11   9.9300e-01
1.8370e+11   9.9600e-01
1.8442e+11   9.9900e-01
1.8515e+11   1.0020e+00
1.8588e+11   1.0050e+00
1.8661e+11   1.0080e+00
1.8735e+11   1.0110e+00
1.8809e+11   1.0140e+00
1.8883e+11   1.0170e+00
1.8957e+11   1.0200e+00
1.9032e+11   1.0230e+00
1.9107e+11   1.0260e+00
1.9183e+11   1.0290e+00
1.9258e+11   1.0320e+00
1.9334e+11   1.0350e+00
1.9411e+11   1.0380e+00
1.9488e+11   1.0410e+00
1.9565e+11   1.0440e+00
1.9642e+11   1.0470e+00
1.9720e+11   1.0500e+00
1.9798e+11   1.0530e+00
1.9876e+11   1.0560e+00
1.9955e+11   1.0590e+00
2.0034e+11   1.0620e+00
2.0113e+11   1.0650e+00
2.0193e+11   1.0680e+00
2.0273e+11   1.0710e+00
2.0354e+11   1.0740e+00
2.0434e+11   1.0770e+00
2.0516e+11   1.0800e+00
2.0597e+11   1.0830e+00
2.0679e+11   1.0860e+00
2.0761e+11   1.0890e+00
2.0843e+11   1.0920e+00
2.0926e+11   1.0950e+00
2.1010e+11   1.0980e+00
2.1093e+11   1.1010e+00
2.1177e+11   1.1040e+00
2.1261e+11   1.1070e+00
2.1346e+11   1.1100e+00
2.1431e+11   1.1130e+00
2.1516e+11   1.1160e+00
2.1602e+11   1.1190e+00
2.1688e+11   1.1220e+00
2.1775e+11   1.1250e+00
2.1862e+11   1.1280e+00
2.1949e+11   1.1310e+00
2.2036e+11   1.1340e+00
2.2124e+11   1.1370e+00
2.2213e+11   1.1400e+00
2.2302e+11   1.1430e+00
2.2391e+11   1.1460e+00
2.2480e+11   1.1490e+00
2.2570e+11   1.1520e+00
2.2660e+11   1.1550e+00
2.2751e+11   1.1580e+00
2.2842e+11   1.1610e+00
2.2934e+11   1.1640e+00
2.3025e+11   1.1670e+00
2.3118e+11   1.1700e+00
2.3210e+11   1.1730e+00
2.3303e+11   1.1760e+00
2.3397e+11   1.1790e+00
2.3491e+11   1.1820e+00
2.3585e+11   1.1850e+00
2.3680e+11   1.1880e+00
2.3775e+11   1.1910e+00
2.3870e+11   1.1940e+00
2.3966e+11   1.1970e+00
2.4062e+11   1.2000e+00
2.4159e+11   1.2030e+00
2.4256e+11   1.2060e+00
2.4354e+11   1.2090e+00
2.4452e+11   1.2120e+00
2.4550e+11   1.2150e+00
2.4649e+11   1.2180e+00
2.4749e+11   1.2210e+00
2.4848e+11   1.2240e+00
2.4948e+11   1.2270e+00
2.5049e+11   1.2300e+00
2.5150e+11   1.2330e+00
2.5251e+11   1.2360e+00
2.5353e+11   1.2390e+00
2.5456e+11   1.2420e+00
2.5558e+11   1.2450e+00
2.5662e+11   1.2480e+00
2.5765e+11   1.2510e+00
2.5870e+11   1.2540e+00
2.5974e+11   1.2570e+00
2.6079e+11   1.2600e+00
2.6185e+11   1.2630e+00
2.6291e+11   1.2660e+00
2.6397e+11   1.2690e+00
2.6504e+11   1.2720e+00
2.6611e+11   1.2750e+00
2.6719e+11   1.2780e+00
2.6828e+11   1.2810e+00
2.6936e+11   1.2840e+00
2.7046e+11   1.2870e+00
2.7155e+11   1.2900e+00
2.7265e+11   1.2930e+00
2.7376e+11   1.2960e+00
2.7487e+11   1.2990e+00
2.7599e+11   1.3020e+00
2.7711e+11   1.3050e+00
2.7824e+11   1.3080e+00
2.7937e+11   1.3110e+00
2.8051e+11   1.3140e+00
2.8165e+11   1.3170e+00
2.8279e+11   1.3200e+00
2.8394e+11   1.3230e+00
2.8510e+11   1.3260e+00
2.8626e+11   1.3290e+00
2.8743e+11   1.3320e+00
2.8860e+11   1.3350e+00
2.8978e+11   1.3380e+00
2.9096e+11   1.3410e+00
2.9215e+11   1.3440e+00
2.9334e+11   1.3470e+00
2.9454e+11   1.3500e+00
2.9574e+11   1.3530e+00
2.9695e+11   1.3560e+00
2.9816e+11   1.3590e+00
2.9938e+11   1.3620e+00
3.0060e+11   1.3650e+00
3.0183e+11   1.3680e+00
3.0307e+11   1.3710e+00
3.0431e+11   1.3740e+00
3.0556e+11   1.3770e+00
3.0681e+11   1.3800e+00
3.0807e+11   1.3830e+00
3.0933e+11   1.3860e+00
3.1060e+11   1.3890e+00
3.1187e+11   1.3920e+00
3.1315e+11   1.3950e+00
3.1443e+11   1.3980e+00
3.1572e+11   1.4010e+00
3.1702e+11   1.4040e+00
3.1832e+11   1.4070e+00
3.1963e+11   1.4100e+00
3.2095e+11   1.4130e+00
3.2227e+11   1.4160e+00
3.2359e+11   1.4190e+00
3.2492e+11   1.4220e+00
3.2626e+11   1.4250e+00
3.2760e+11   1.4280e+00
3.2895e+11   1.4310e+00
3.3031e+11   1.4340e+00
3.3167e+11   1.4370e+00
3.3303e+11   1.4400e+00
3.3441e+11   1.4430e+00
3.3579e+11   1.4460e+00
3.3717e+11   1.4490e+00
3.3856e+11   1.4520e+00
3.3996e+11   1.4550e+00
3.4137e+11   1.4580e+00
3.4278e+11   1.4610e+00
3.4419e+11   1.4640e+00
3.4562e+11   1.4670e+00
3.4705e+11   1.4700e+00
3.4848e+11   1.4730e+00
3.4992e+11   1.4760e+00
3.5137e+11   1.4790e+00
3.5283e+11   1.4820e+00
3.5429e+11   1.4850e+00
3.5576e+11   1.4880e+00
3.5723e+11   1.4910e+00
3.5871e+11   1.4940e+00
3.6020e+11   1.4970e+00
3.6169e+11   1.5000e+00
3.6320e+11   1.5030e+00
3.6470e+11   1.5060e+00
3.6622e+11   1.5090e+00
3.6774e+11   1.5120e+00
3.6927e+11   1.5150e+00
3.7080e+11   1.5180e+00
3.7234e+11   1.5210e+00
3.7389e+11   1.5240e+00
3.7545e+11   1.5270e+00
3.7701e+11   1.5300e+00
3.7858e+11   1.5330e+00
3.8016e+11   1.5360e+00
3.8174e+11   1.5390e+00
3.8333e+11   1.5420e+00
3.8493e+11   1.5450e+00
3.8653e+11   1.5480e+00
3.8815e+11   1.5510e+00
3.8977e+11   1.5540e+00
3.9139e+11   1.5570e+00
3.9303e+11   1.5600e+00
3.9467e+11   1.5630e+00
3.9632e+11   1.5660e+00
3.9798e+11   1.5690e+00
3.9964e+11   1.5720e+00
4.0131e+11   1.5750e+00
4.0299e+11   1.5780e+00
4.0468e+11   1.5810e+00
4.0637e+11   1.5840e+00
4.0807e+11   1.5870e+00
4.0978e+11   1.5900e+00
4.1150e+11   1.5930e+00
4.1322e+11   1.5960e+00
4.1496e+11   1.5990e+00
4.1670e+11   1.6020e+00
4.1844e+11   1.6050e+00
4.2020e+11   1.6080e+00
4.2197e+11   1.6110e+00
4.2374e+11   1.6140e+00
4.2552e+11   1.6170e+00
4.2731e+11   1.6200e+00
4.2910e+11   1.6230e+00
4.3091e+11   1.6260e+00
4.3272e+11   1.6290e+00
4.3454e+11   1.6320e+00
4.3637e+11   1.6350e+00
4.3821e+11   1.6380e+00
4.4005e+11   1.6410e+00
4.4191e+11   1.6440e+00
4.4377e+11   1.6470e+00
4.4564e+11   1.6500e+00
4.4752e+11   1.6530e+00
4.4941e+11   1.6560e+00
4.5131e+11   1.6590e+00
4.5321e+11   1.6620e+00
4.5512e+11   1.6650e+00
4.5705e+11   1.6680e+00
4.5898e+11   1.6710e+00
4.6092e+11   1.6740e+00
4.6287e+11   1.6770e+00
4.6483e+11   1.6800e+00
4.6679e+11   1.6830e+00
4.6877e+11   1.6860e+00
4.7075e+11   1.6890e+00
4.7275e+11   1.6920e+00
4.7475e+11   1.6950e+00
4.7676e+11   1.6980e+00
4.7878e+11   1.7010e+00
4.8081e+11   1.7040e+00
4.8285e+11   1.7070e+00
4.8490e+11   1.7100e+00
4.8696e+11   1.7130e+00
4.8903e+11   1.7160e+00
4.9111e+11   1.7190e+00
4.9319e+11   1.7220e+00
4.9529e+11   1.7250e+00
4.9740e+11   1.7280e+00
4.9951e+11   1.7310e+00
5.0164e+11   1.7340e+00
5.0377e+11   1.7370e+00
5.0592e+11   1.7400e+00
5.0807e+11   1.7430e+00
5.1024e+11   1.7460e+00
5.1241e+11   1.7490e+00
5.1460e+11   1.7520e+00
5.1679e+11   1.7550e+00
5.1900e+11   1.7580e+00
5.2121e+11   1.7610e+00
5.2344e+11   1.7640e+00
5.2567e+11   1.7670e+00
5.2792e+11   1.7700e+00
5.3017e+11   1.7730e+00
5.3244e+11   1.7760e+00
5.3472e+11   1.7790e+00
5.3700e+11   1.7820e+00
5.3930e+11   1.7850e+00
5.4161e+11   1.7880e+00
5.4393e+11   1.7910e+00
5.4626e+11   1.7940e+00
5.4860e+11   1.7970e+00
5.5095e+11   1.8000e+00
5.5331e+11   1.8030e+00
5.5568e+11   1.8060e+00
5.5807e+11   1.8090e+00
5.6046e+11   1.8120e+00
5.6287e+11   1.8150e+00
5.6529e+11   1.8180e+00
5.6771e+11   1.8210e+00
5.7015e+11   1.8240e+00
5.7261e+11   1.8270e+00
5.7507e+11   1.8300e+00
5.7754e+11   1.8330e+00
5.8003e+11   1.8360e+00
5.8252e+11   1.8390e+00
5.8503e+11   1.8420e+00
5.8755e+11   1.8450e+00
5.9008e+11   1.8480e+00
5.9263e+11   1.8510e+00
5.9518e+11   1.8540e+00
5.9775e+11   1.8570e+00
6.0033e+11   1.8600e+00
6.0292e+11   1.8630e+00
6.0552e+11   1.8660e+00
6.0813e+11   1.8690e+00
6.1076e+11   1.8720e+00
6.1340e+11   1.8750e+00
6.1605e+11   1.8780e+00
6.1872e+11   1.8810e+00
6.2139e+11   1.8840e+00
6.2408e+11   1.8870e+00
6.2678e+11   1.8900e+00
6.2950e+11   1.8930e+00
6.3222e+11   1.8960e+00
6.3496e+11   1.8990e+00
6.3771e+11   1.9020e+00
6.4048e+11   1.9050e+00
6.4326e+11   1.9080e+00
6.4605e+11   1.9110e+00
6.4885e+11   1.9140e+00
6.5167e+11   1.9170e+00
6.5450e+11   1.9200e+00
6.5734e+11   1.9230e+00
6.6020e+11   1.9260e+00
6.6307e+11   1.9290e+00
6.6595e+11   1.9320e+00
6.6885e+11   1.9350e+00
6.7176e+11   1.9380e+00
6.7468e+11   1.9410e+00
6.7762e+11   1.9440e+00
6.8057e+11   1.9470e+00
6.8354e+11   1.9500e+00
6.8652e+11   1.9530e+00
6.8951e+11   1.9560e+00
6.9252e+11   1.9590e+00
6.9554e+11   1.9620e+00
6.9857e+11   1.9650e+00
7.0162e+11   1.9680e+00
7.0469e+11   1.9710e+00
7.0777e+11   1.9740e+00
7.1086e+11   1.9770e+00
7.1397e+11   1.9800e+00
7.1709e+11   1.9830e+00
7.2023e+11   1.9860e+00
7.2338e+11   1.9890e+00
7.2655e+11   1.9920e+00
7.2973e+11   1.9950e+00
7.3292e+11   1.9980e+00
7.3613e+11   2.0010e+00
7.3936e+11   2.0040e+00
7.4260e+11   2.0070e+00
7.4586e+11   2.0100e+00
7.4913e+11   2.0130e+00
7.5242e+11   2.0160e+00
7.5573e+11   2.0190e+00
7.5904e+11   2.0220e+00
7.6238e+11   2.0250e+00
7.6573e+11   2.0280e+00
7.6910e+11   2.0310e+00
7.7248e+11   2.0340e+00
7.7588e+11   2.0370e+00
7.7929e+11   2.0400e+00
7.8272e+11   2.0430e+00
7.8617e+11   2.0460e+00
7.8963e+11   2.0490e+00
7.9311e+11   2.0520e+00
7.9661e+11   2.0550e+00
8.0012e+11   2.0580e+00
8.0365e+11   2.0610e+00
8.0720e+11   2.0640e+00
8.1076e+11   2.0670e+00
8.1434e+11   2.0700e+00
8.1794e+11   2.0730e+00
8.2155e+11   2.0760e+00
8.2518e+11   2.0790e+00
8.2883e+11   2.0820e+00
8.3250e+11   2.0850e+00
8.3618e+11   2.0880e+00
8.3988e+11   2.0910e+00
8.4360e+11   2.0940e+00
8.4734e+11   2.0970e+00
8.5109e+11   2.1000e+00
8.5486e+11   2.1030e+00
8.5865e+11   2.1060e+00
8.6246e+11   2.1090e+00
8.6629e+11   2.1120e+00
8.7013e+11   2.1150e+00
8.7399e+11   2.1180e+00
8.7787e+11   2.1210e+00
8.8177e+11   2.1240e+00
8.8569e+11   2.1270e+00
8.8963e+11   2.1300e+00
8.9359e+11   2.1330e+00
8.9756e+11   2.1360e+00
9.0155e+11   2.1390e+00
9.0557e+11   2.1420e+00
9.0960e+11   2.1450e+00
9.1365e+11   2.1480e+00
9.1772e+11   2.1510e+00
9.2181e+11   2.1540e+00
9.2592e+11   2.1570e+00
9.3005e+11   2.1600e+00
9.3420e+11   2.1630e+00
9.3837e+11   2.1660e+00
9.4256e+11   2.1690e+00
9.4677e+11   2.1720e+00
9.5100e+11   2.1750e+00
9.5525e+11   2.1780e+00
9.5952e+11   2.1810e+00
9.6381e+11   2.1840e+00
9.6812e+11   2.1870e+00
9.7246e+11   2.1900e+00
9.7681e+11   2.1930e+00
9.8118e+11   2.1960e+00
9.8558e+11   2.1990e+00
9.9000e+11   2.2020e+00
9.9443e+11   2.2050e+00
9.9889e+11   2.2080e+00
1.0034e+12   2.2110e+00
1.0079e+12   2.2140e+00
1.0124e+12   2.2170e+00
1.0169e+12   2.2200e+00
1.0215e+12   2.2230e+00
1.0261e+12   2.2260e+00
1.0307e+12   2.2290e+00
1.0354e+12   2.2320e+00
1.0400e+12   2.2350e+00
1.0447e+12   2.2380e+00
1.0494e+12   2.2410e+00
1.0541e+12   2.2440e+00
1.0589e+12   2.2470e+00
1.0636e+12   2.2500e+00
1.0684e+12   2.2530e+00
1.0732e+12   2.2560e+00
1.0781e+12   2.2590e+00
1.0829e+12   2.2620e+00
1.0878e+12   2.2650e+00
1.0927e+12   2.2680e+00
1.0977e+12   2.2710e+00
1.1026e+12   2.2740e+00
1.1076e+12   2.2770e+00
1.1126e+12   2.2800e+00
1.1177e+12   2.2830e+00
1.1227e+12   2.2860e+00
1.1278e+12   2.2890e+00
1.1329e+12   2.2920e+00
1.1380e+12   2.2950e+00
1.1432e+12   2.2980e+00
1.1484e+12   2.3010e+00
1.1536e+12   2.3040e+00
1.1588e+12   2.3070e+00
1.1641e+12   2.3100e+00
1.1693e+12   2.3130e+00
1.1746e+12   2.3160e+00
1.1800e+12   2.3190e+00
1.1853e+12   2.3220e+00
1.1907e+12   2.3250e+00
1.1961e+12   2.3280e+00
1.2016e+12   2.3310e+00
1.2070e+12   2.3340e+00
1.2125e+12   2.3370e+00
1.2180e+12   2.3400e+00
1.2236e+12   2.3430e+00
1.2292e+12   2.3460e+00
1.2348e+12   2.3490e+00
1.2404e+12   2.3520e+00
1.2460e+12   2.3550e+00
1.2517e+12   2.3580e+00
1.2574e+12   2.3610e+00
1.2632e+12   2.3640e+00
1.2689e+12   2.3670e+00
1.2747e+12   2.3700e+00
1.2806e+12   2.3730e+00
1.2864e+12   2.3760e+00
1.2923e+12   2.3790e+00
1.2982e+12   2.3820e+00
1.3041e+12   2.3850e+00
1.3101e+12   2.3880e+00
1.3161e+12   2.3910e+00
1.3221e+12   2.3940e+00
1.3282e+12   2.3970e+00
1.3343e+12   2.4000e+00
1.3404e+12   2.4030e+00
1.3465e+12   2.4060e+00
1.3527e+12   2.4090e+00
1.3589e+12   2.4120e+00
1.3651e+12   2.4150e+00
1.3714e+12   2.4180e+00
1.3777e+12   2.4210e+00
1.3840e+12   2.4240e+00
1.3904e+12   2.4270e+00
1.3968e+12   2.4300e+00
1.4032e+12   2.4330e+00
1.4097e+12   2.4360e+00
1.4162e+12   2.4390e+00
1.4227e+12   2.4420e+00
1.4292e+12   2.4450e+00
1.4358e+12   2.4480e+00
1.4424e+12   2.4510e+00
1.4491e+12   2.4540e+00
1.4558e+12   2.4570e+00
1.4625e+12   2.4600e+00
1.4692e+12   2.4630e+00
1.4760e+12   2.4660e+00
1.4828e+12   2.4690e+00
1.4897e+12   2.4720e+00
1.4966e+12   2.4750e+00
1.5035e+12   2.4780e+00
1.5104e+12   2.4810e+00
1.5174e+12   2.4840e+00
1.5244e+12   2.4870e+00
1.5315e+12   2.4900e+00
1.5386e+12   2.4930e+00
1.5457e+12   2.4960e+00
1.5529e+12   2.4990e+00
1.5601e+12   2.5020e+00
1.5673e+12   2.5050e+00
1.5746e+12   2.5080e+00
1.5819e+12   2.5110e+00
1.5892e+12   2.5140e+00
1.5966e+12   2.5170e+00
1.6040e+12   2.5200e+00
1.6115e+12   2.5230e+00
1.6189e+12   2.5260e+00
1.6265e+12   2.5290e+00
1.6340e+12   2.5320e+00
1.6416e+12   2.5350e+00
1.6493e+12   2.5380e+00
1.6569e+12   2.5410e+00
1.6647e+12   2.5440e+00
1.6724e+12   2.5470e+00
1.6802e+12   2.5500e+00
1.6880e+12   2.5530e+00
1.6959e+12   2.5560e+00
1.7038e+12   2.5590e+00
1.7118e+12   2.5620e+00
1.7198e+12   2.5650e+00
1.7278e+12   2.5680e+00
1.7359e+12   2.5710e+00
1.7440e+12   2.5740e+00
1.7521e+12   2.5770e+00
1.7603e+12   2.5800e+00
1.7685e+12   2.5830e+00
1.7768e+12   2.5860e+00
1.7851e+12   2.5890e+00
1.7935e+12   2.5920e+00
1.8019e+12   2.5950e+00
1.8103e+12   2.5980e+00
1.8188e+12   2.6010e+00
1.8273e+12   2.6040e+00
1.8359e+12   2.6070e+00
1.8445e+12   2.6100e+00
1.8532e+12   2.6130e+00
1.8619e+12   2.6160e+00
1.8706e+12   2.6190e+00
1.8794e+12   2.6220e+00
1.8882e+12   2.6250e+00
1.8971e+12   2.6280e+00
1.9060e+12   2.6310e+00
1.9150e+12   2.6340e+00
1.9240e+12   2.6370e+00
1.9331e+12   2.6400e+00
1.9422e+12   2.6430e+00
1.9513e+12   2.6460e+00
1.9605e+12   2.6490e+00
1.9697e+12   2.6520e+00
1.9790e+12   2.6550e+00
1.9884e+12   2.6580e+00
1.9977e+12   2.6610e+00
2.0072e+12   2.6640e+00
2.0166e+12   2.6670e+00
2.0262e+12   2.6700e+00
2.0357e+12   2.6730e+00
2.0454e+12   2.6760e+00
2.0550e+12   2.6790e+00
2.0648e+12   2.6820e+00
2.0745e+12   2.6850e+00
2.0843e+12   2.6880e+00
2.0942e+12   2.6910e+00
2.1041e+12   2.6940e+00
2.1141e+12   2.6970e+00
2.1241e+12   2.7000e+00
2.1342e+12   2.7030e+00
2.1443e+12   2.7060e+00
2.1545e+12   2.7090e+00
2.1647e+12   2.7120e+00
2.1750e+12   2.7150e+00
2.1853e+12   2.7180e+00
2.1957e+12   2.7210e+00
2.2061e+12   2.7240e+00
2.2166e+12   2.7270e+00
2.2271e+12   2.7300e+00
2.2377e+12   2.7330e+00
2.2483e+12   2.7360e+00
2.2590e+12   2.7390e+00
2.2698e+12   2.7420e+00
2.2806e+12   2.7450e+00
2.2915e+12   2.7480e+00
2.3024e+12   2.7510e+00
2.3134e+12   2.7540e+00
2.3244e+12   2.7570e+00
2.3355e+12   2.7600e+00
2.3466e+12   2.7630e+00
2.3578e+12   2.7660e+00
2.3691e+12   2.7690e+00
2.3804e+12   2.7720e+00
2.3918e+12   2.7750e+00
2.4032e+12   2.7780e+00
2.4147e+12   2.7810e+00
2.4262e+12   2.7840e+00
2.4378e+12   2.7870e+00
2.4495e+12   2.7900e+00
2.4612e+12   2.7930e+00
2.4730e+12   2.7960e+00
2.4849e+12   2.7990e+00
2.4968e+12   2.8020e+00
2.5088e+12   2.8050e+00
2.5208e+12   2.8080e+00
2.5329e+12   2.8110e+00
2.5450e+12   2.8140e+00
2.5572e+12   2.8170e+00
2.5695e+12   2.8200e+00
2.5819e+12   2.8230e+00
2.5943e+12   2.8260e+00
2.6067e+12   2.8290e+00
2.6193e+12   2.8320e+00
2.6319e+12   2.8350e+00
2.6445e+12   2.8380e+00
2.6573e+12   2.8410e+00
2.6700e+12   2.8440e+00
2.6829e+12   2.8470e+00
2.6958e+12   2.8500e+00
2.7088e+12   2.8530e+00
2.7219e+12   2.8560e+00
2.7350e+12   2.8590e+00
2.7482e+12   2.8620e+00
2.7615e+12   2.8650e+00
2.7748e+12   2.8680e+00
2.7882e+12   2.8710e+00
2.8016e+12   2.8740e+00
2.8152e+12   2.8770e+00
2.8288e+12   2.8800e+00
2.8425e+12   2.8830e+00
2.8562e+12   2.8860e+00
2.8700e+12   2.8890e+00
2.8839e+12   2.8920e+00
2.8979e+12   2.8950e+00
2.9119e+12   2.8980e+00
2.9260e+12   2.9010e+00
2.9402e+12   2.9040e+00
2.9544e+12   2.9070e+00
2.9688e+12   2.9100e+00
2.9832e+12   2.9130e+00
2.9976e+12   2.9160e+00
3.0122e+12   2.9190e+00
3.0268e+12   2.9220e+00
3.0415e+12   2.9250e+00
3.0563e+12   2.9280e+00
3.0711e+12   2.9310e+00
3.0861e+12   2.9340e+00
3.1011e+12   2.9370e+00
3.1162e+12   2.9400e+00
3.1313e+12   2.9430e+00
3.1466e+12   2.9460e+00
3.1619e+12   2.9490e+00
3.1773e+12   2.9520e+00
3.1928e+12   2.9550e+00
3.2083e+12   2.9580e+00
3.2240e+12   2.9610e+00
3.2397e+12   2.9640e+00
3.2555e+12   2.9670e+00
3.2714e+12   2.9700e+00
3.2874e+12   2.9730e+00
3.3034e+12   2.9760e+00
3.3196e+12   2.9790e+00
3.3358e+12   2.9820e+00
3.3521e+12   2.9850e+00
3.3685e+12   2.9880e+00
3.3849e+12   2.9910e+00
3.4015e+12   2.9940e+00
3.4182e+12   2.9970e+00
3.4349e+12   3.0000e+00
3.4517e+12   3.0030e+00
3.4686e+12   3.0060e+00
3.4856e+12   3.0090e+00
3.5027e+12   3.0120e+00
3.5199e+12   3.0150e+00
3.5371e+12   3.0180e+00
3.5545e+12   3.0210e+00
3.5719e+12   3.0240e+00
3.5895e+12   3.0270e+00
3.6071e+12   3.0300e+00
3.6248e+12   3.0330e+00
3.6426e+12   3.0360e+00
3.6606e+12   3.0390e+00
3.6786e+12   3.0420e+00
3.6966e+12   3.0450e+00
3.7148e+12   3.0480e+00
3.7331e+12   3.0510e+00
3.7515e+12   3.0540e+00
3.7700e+12   3.0570e+00
3.7886e+12   3.0600e+00
3.8072e+12   3.0630e+00
3.8260e+12   3.0660e+00
3.8449e+12   3.0690e+00
3.8638e+12   3.0720e+00
3.8829e+12   3.0750e+00
3.9021e+12   3.0780e+00
3.9213e+12   3.0810e+00
3.9407e+12   3.0840e+00
3.9602e+12   3.0870e+00
3.9797e+12   3.0900e+00
3.9994e+12   3.0930e+00
4.0192e+12   3.0960e+00
4.0391e+12   3.0990e+00
4.0591e+12   3.1020e+00
4.0791e+12   3.1050e+00
4.0993e+12   3.1080e+00
4.1196e+12   3.1110e+00
4.1401e+12   3.1140e+00
4.1606e+12   3.1170e+00
4.1812e+12   3.1200e+00
4.2019e+12   3.1230e+00
4.2228e+12   3.1260e+00
4.2437e+12   3.1290e+00
4.2648e+12   3.1320e+00
4.2860e+12   3.1350e+00
4.3073e+12   3.1380e+00
4.3287e+12   3.1410e+00
9.0281e+12   3.1440e+00
9.0899e+12   3.1470e+00
9.1347e+12   3.1500e+00
9.1797e+12   3.1530e+00
9.2249e+12   3.1560e+00
9.2704e+12   3.1590e+00
9.3161e+12   3.1620e+00
9.3621e+12   3.1650e+00
9.4083e+12   3.1680e+00
9.4547e+12   3.1710e+00
9.5014e+12   3.1740e+00
9.5483e+12   3.1770e+00
9.5954e+12   3.1800e+00
9.6428e+12   3.1830e+00
9.6905e+12   3.1860e+00
9.7384e+12   3.1890e+00
9.7865e+12   3.1920e+00
9.8349e+12   3.1950e+00
9.8835e+12   3.1980e+00
9.9324e+12   3.2010e+00
9.9816e+12   3.2040e+00
1.0031e+13   3.2070e+00
1.0081e+13   3.2100e+00
1.0131e+13   3.2130e+00
1.0181e+13   3.2160e+00
1.0231e+13   3.2190e+00
1.0282e+13   3.2220e+00
1.0333e+13   3.2250e+00
1.0384e+13   3.2280e+00
1.0436e+13   3.2310e+00
1.0487e+13   3.2340e+00
1.0539e+13   3.2370e+00
1.0592e+13   3.2400e+00
1.0644e+13   3.2430e+00
7.4197e+12   3.2460e+00
7.4565e+12   3.2490e+00
7.4936e+12   3.2520e+00
7.5308e+12   3.2550e+00
7.5682e+12   3.2580e+00
7.6059e+12   3.2610e+00
7.6437e+12   3.2640e+00
7.6817e+12   3.2670e+00
7.7199e+12   3.2700e+00
7.7583e+12   3.2730e+00
7.7969e+12   3.2760e+00
7.8357e+12   3.2790e+00
7.8747e+12   3.2820e+00
7.9140e+12   3.2850e+00
7.9534e+12   3.2880e+00
7.9930e+12   3.2910e+00
8.0328e+12   3.2940e+00
8.0729e+12   3.2970e+00
8.1131e+12   3.3000e+00
8.1536e+12   3.3030e+00
8.1942e+12   3.3060e+00
8.2351e+12   3.3090e+00
8.2762e+12   3.3120e+00
8.3175e+12   3.3150e+00
8.3590e+12   3.3180e+00
8.4008e+12   3.3210e+00
8.4427e+12   3.3240e+00
8.4849e+12   3.3270e+00
8.5273e+12   3.3300e+00
8.5699e+12   3.3330e+00
8.6127e+12   3.3360e+00
8.6558e+12   3.3390e+00
8.6991e+12   3.3420e+00
8.7426e+12   3.3450e+00
8.7863e+12   3.3480e+00
8.8303e+12   3.3510e+00
8.8745e+12   3.3540e+00
8.9189e+12   3.3570e+00
8.9636e+12   3.3600e+00
9.0084e+12   3.3630e+00
9.0536e+12   3.3660e+00
9.0989e+12   3.3690e+00
9.1445e+12   3.3720e+00
9.1903e+12   3.3750e+00
9.2364e+12   3.3780e+00
9.2827e+12   3.3810e+00
9.3293e+12   3.3840e+00
9.3760e+12   3.3870e+00
9.4231e+12   3.3900e+00
9.4704e+12   3.3930e+00
9.5179e+12   3.3960e+00
9.5657e+12   3.3990e+00
9.6137e+12   3.4020e+00
9.6619e+12   3.4050e+00
9.7105e+12   3.4080e+00
9.7592e+12   3.4110e+00
9.8083e+12   3.4140e+00
9.8576e+12   3.4170e+00
9.9071e+12   3.4200e+00
9.9569e+12   3.4230e+00
1.0007e+13   3.4260e+00
1.0057e+13   3.4290e+00
1.0108e+13   3.4320e+00
1.0159e+13   3.4350e+00
1.0210e+13   3.4380e+00
1.0261e+13   3.4410e+00
1.0313e+13   3.4440e+00
1.0365e+13   3.4470e+00
1.0417e+13   3.4500e+00
1.0469e+13   3.4530e+00
1.0522e+13   3.4560e+00
1.0575e+13   3.4590e+00
1.0628e+13   3.4620e+00
1.0682e+13   3.4650e+00
1.0736e+13   3.4680e+00
1.0790e+13   3.4710e+00
1.0844e+13   3.4740e+00
1.0899e+13   3.4770e+00
1.0954e+13   3.4800e+00
1.1009e+13   3.4830e+00
1.1065e+13   3.4860e+00
1.1120e+13   3.4890e+00
1.1177e+13   3.4920e+00
1.1233e+13   3.4950e+00
1.1290e+13   3.4980e+00
1.1347e+13   3.5010e+00
1.1404e+13   3.5040e+00
1.1461e+13   3.5070e+00
1.1519e+13   3.5100e+00
1.1578e+13   3.5130e+00
1.1636e+13   3.5160e+00
1.1695e+13   3.5190e+00
1.1754e+13   3.5220e+00
1.1813e+13   3.5250e+00
1.1873e+13   3.5280e+00
1.1933e+13   3.5310e+00
1.1993e+13   3.5340e+00
1.2054e+13   3.5370e+00
1.2115e+13   3.5400e+00
1.2176e+13   3.5430e+00
1.2238e+13   3.5460e+00
1.2300e+13   3.5490e+00
1.2362e+13   3.5520e+00
1.2424e+13   3.5550e+00
1.2487e+13   3.5580e+00
1.2550e+13   3.5610e+00
1.2614e+13   3.5640e+00
1.2678e+13   3.5670e+00
1.2742e+13   3.5700e+00
1.2806e+13   3.5730e+00
1.2871e+13   3.5760e+00
1.2936e+13   3.5790e+00
1.3002e+13   3.5820e+00
1.3068e+13   3.5850e+00
1.3134e+13   3.5880e+00
1.3201e+13   3.5910e+00
1.3267e+13   3.5940e+00
1.3335e+13   3.5970e+00
1.3402e+13   3.6000e+00
1.3470e+13   3.6030e+00
1.3538e+13   3.6060e+00
1.3607e+13   3.6090e+00
1.3676e+13   3.6120e+00
1.3745e+13   3.6150e+00
1.3815e+13   3.6180e+00
1.3885e+13   3.6210e+00
1.3955e+13   3.6240e+00
1.4026e+13   3.6270e+00
1.4097e+13   3.6300e+00
1.4169e+13   3.6330e+00
1.4241e+13   3.6360e+00
1.4313e+13   3.6390e+00
1.4385e+13   3.6420e+00
1.4458e+13   3.6450e+00
1.4532e+13   3.6480e+00
1.4606e+13   3.6510e+00
1.4680e+13   3.6540e+00
1.4754e+13   3.6570e+00
1.4829e+13   3.6600e+00
1.4904e+13   3.6630e+00
1.4980e+13   3.6660e+00
1.5056e+13   3.6690e+00
1.5132e+13   3.6720e+00
1.5209e+13   3.6750e+00
1.5286e+13   3.6780e+00
1.5364e+13   3.6810e+00
1.5442e+13   3.6840e+00
1.5520e+13   3.6870e+00
1.5599e+13   3.6900e+00
1.5678e+13   3.6930e+00
1.5758e+13   3.6960e+00
1.5838e+13   3.6990e+00
1.5918e+13   3.7020e+00
1.5999e+13   3.7050e+00
1.6080e+13   3.7080e+00
1.6162e+13   3.7110e+00
1.6244e+13   3.7140e+00
1.6326e+13   3.7170e+00
1.6409e+13   3.7200e+00
1.6492e+13   3.7230e+00
1.6576e+13   3.7260e+00
1.6660e+13   3.7290e+00
1.6745e+13   3.7320e+00
1.6830e+13   3.7350e+00
1.6915e+13   3.7380e+00
1.7001e+13   3.7410e+00
1.7087e+13   3.7440e+00
1.7174e+13   3.7470e+00
1.7261e+13   3.7500e+00
1.7349e+13   3.7530e+00
1.7437e+13   3.7560e+00
1.7525e+13   3.7590e+00
1.7614e+13   3.7620e+00
1.7704e+13   3.7650e+00
1.7794e+13   3.7680e+00
1.7884e+13   3.7710e+00
1.7975e+13   3.7740e+00
1.8066e+13   3.7770e+00
1.8157e+13   3.7800e+00
1.8250e+13   3.7830e+00
1.8342e+13   3.7860e+00
1.8435e+13   3.7890e+00
1.8529e+13   3.7920e+00
1.8623e+13   3.7950e+00
1.8717e+13   3.7980e+00
1.8812e+13   3.8010e+00
1.8907e+13   3.8040e+00
1.9003e+13   3.8070e+00
1.9100e+13   3.8100e+00
1.9196e+13   3.8130e+00
1.9294e+13   3.8160e+00
1.9392e+13   3.8190e+00
1.9490e+13   3.8220e+00
1.9589e+13   3.8250e+00
1.9688e+13   3.8280e+00
1.9788e+13   3.8310e+00
1.9888e+13   3.8340e+00
1.9989e+13   3.8370e+00
2.0090e+13   3.8400e+00
2.0192e+13   3.8430e+00
2.0294e+13   3.8460e+00
2.0396e+13   3.8490e+00
2.0500e+13   3.8520e+00
2.0603e+13   3.8550e+00
2.0708e+13   3.8580e+00
2.0813e+13   3.8610e+00
2.0918e+13   3.8640e+00
2.1024e+13   3.8670e+00
2.1130e+13   3.8700e+00
2.1237e+13   3.8730e+00
2.1344e+13   3.8760e+00
2.1452e+13   3.8790e+00
2.1560e+13   3.8820e+00
2.1669e+13   3.8850e+00
2.1779e+13   3.8880e+00
2.1889e+13   3.8910e+00
2.1999e+13   3.8940e+00
2.2111e+13   3.8970e+00
2.2222e+13   3.9000e+00
2.2334e+13   3.9030e+00
2.2447e+13   3.9060e+00
2.2560e+13   3.9090e+00
2.2674e+13   3.9120e+00
2.2788e+13   3.9150e+00
2.2903e+13   3.9180e+00
2.3019e+13   3.9210e+00
2.3135e+13   3.9240e+00
2.3251e+13   3.9270e+00
2.3368e+13   3.9300e+00
2.3486e+13   3.9330e+00
2.3604e+13   3.9360e+00
2.3723e+13   3.9390e+00
2.3843e+13   3.9420e+00
2.3962e+13   3.9450e+00
2.4083e+13   3.9480e+00
2.4204e+13   3.9510e+00
2.4326e+13   3.9540e+00
2.4448e+13   3.9570e+00
2.4571e+13   3.9600e+00
2.4694e+13   3.9630e+00
2.4818e+13   3.9660e+00
2.4943e+13   3.9690e+00
2.5068e+13   3.9720e+00
2.5194e+13   3.9750e+00
2.5320e+13   3.9780e+00
2.5447e+13   3.9810e+00
2.5574e+13   3.9840e+00
2.5703e+13   3.9870e+00
2.5831e+13   3.9900e+00
2.5961e+13   3.9930e+00
2.6090e+13   3.9960e+00
2.6221e+13   3.9990e+00
2.6352e+13   4.0020e+00
2.6484e+13   4.0050e+00
2.6616e+13   4.0080e+00
2.6749e+13   4.0110e+00
2.6883e+13   4.0140e+00
2.7017e+13   4.0170e+00
2.7152e+13   4.0200e+00
2.7287e+13   4.0230e+00
2.7423e+13   4.0260e+00
2.7560e+13   4.0290e+00
2.7697e+13   4.0320e+00
2.7835e+13   4.0350e+00
2.7973e+13   4.0380e+00
2.8113e+13   4.0410e+00
2.8252e+13   4.0440e+00
2.8393e+13   4.0470e+00
2.8534e+13   4.0500e+00
2.8675e+13   4.0530e+00
2.8818e+13   4.0560e+00
2.8961e+13   4.0590e+00
2.9104e+13   4.0620e+00
2.9248e+13   4.0650e+00
2.9393e+13   4.0680e+00
2.9539e+13   4.0710e+00
2.9685e+13   4.0740e+00
2.9832e+13   4.0770e+00
2.9979e+13   4.0800e+00
3.0127e+13   4.0830e+00
3.0276e+13   4.0860e+00
3.0425e+13   4.0890e+00
3.0576e+13   4.0920e+00
3.0726e+13   4.0950e+00
3.0878e+13   4.0980e+00
3.1030e+13   4.1010e+00
3.1182e+13   4.1040e+00
3.1336e+13   4.1070e+00
3.1490e+13   4.1100e+00
3.1644e+13   4.1130e+00
3.1800e+13   4.1160e+00
3.1956e+13   4.1190e+00
3.2112e+13   4.1220e+00
3.2270e+13   4.1250e+00
3.2427e+13   4.1280e+00
3.2586e+13   4.1310e+00
3.2745e+13   4.1340e+00
3.2905e+13   4.1370e+00
3.3066e+13   4.1400e+00
3.3227e+13   4.1430e+00
3.3389e+13   4.1460e+00
3.3552e+13   4.1490e+00
3.3715e+13   4.1520e+00
3.3879e+13   4.1550e+00
3.4044e+13   4.1580e+00
3.4209e+13   4.1610e+00
3.4375e+13   4.1640e+00
3.4542e+13   4.1670e+00
3.4710e+13   4.1700e+00
3.4878e+13   4.1730e+00
3.5046e+13   4.1760e+00
3.5216e+13   4.1790e+00
3.5386e+13   4.1820e+00
3.5557e+13   4.1850e+00
3.5728e+13   4.1880e+00
3.5900e+13   4.1910e+00
3.6073e+13   4.1940e+00
3.6246e+13   4.1970e+00
3.6421e+13   4.2000e+00
3.6595e+13   4.2030e+00
3.6771e+13   4.2060e+00
3.6947e+13   4.2090e+00
3.7124e+13   4.2120e+00
3.7302e+13   4.2150e+00
3.7480e+13   4.2180e+00
3.7659e+13   4.2210e+00
3.7838e+13   4.2240e+00
3.8019e+13   4.2270e+00
3.8200e+13   4.2300e+00
3.8381e+13   4.2330e+00
3.8563e+13   4.2360e+00
3.8746e+13   4.2390e+00
3.8930e+13   4.2420e+00
3.9114e+13   4.2450e+00
3.9299e+13   4.2480e+00
3.9485e+13   4.2510e+00
3.9671e+13   4.2540e+00
3.9858e+13   4.2570e+00
4.0046e+13   4.2600e+00
4.0234e+13   4.2630e+00
4.0423e+13   4.2660e+00
4.0613e+13   4.2690e+00
4.0803e+13   4.2720e+00
4.0994e+13   4.2750e+00
4.1186e+13   4.2780e+00
4.1378e+13   4.2810e+00
4.1571e+13   4.2840e+00
4.1764e+13   4.2870e+00
4.1959e+13   4.2900e+00
4.2154e+13   4.2930e+00
4.2349e+13   4.2960e+00
4.2545e+13   4.2990e+00
4.2742e+13   4.3020e+00
4.2939e+13   4.3050e+00
4.3138e+13   4.3080e+00
4.3336e+13   4.3110e+00
4.3536e+13   4.3140e+00
4.3736e+13   4.3170e+00
4.3936e+13   4.3200e+00
4.4137e+13   4.3230e+00
4.4339e+13   4.3260e+00
4.4542e+13   4.3290e+00
4.4745e+13   4.3320e+00
4.4949e+13   4.3350e+00
4.5153e+13   4.3380e+00
4.5358e+13   4.3410e+00
4.5563e+13   4.3440e+00
4.5769e+13   4.3470e+00
4.5976e+13   4.3500e+00
4.6183e+13   4.3530e+00
4.6391e+13   4.3560e+00
4.6600e+13   4.3590e+00
4.6809e+13   4.3620e+00
4.7018e+13   4.3650e+00
4.7228e+13   4.3680e+00
4.7439e+13   4.3710e+00
4.7650e+13   4.3740e+00
4.7862e+13   4.3770e+00
4.8074e+13   4.3800e+00
4.8287e+13   4.3830e+00
4.8501e+13   4.3860e+00
4.8715e+13   4.3890e+00
4.8929e+13   4.3920e+00
4.9144e+13   4.3950e+00
4.9360e+13   4.3980e+00
4.9576e+13   4.4010e+00
4.9792e+13   4.4040e+00
5.0009e+13   4.4070e+00
5.0227e+13   4.4100e+00
5.0445e+13   4.4130e+00
5.0663e+13   4.4160e+00
5.0882e+13   4.4190e+00
5.1102e+13   4.4220e+00
5.1321e+13   4.4250e+00
5.1542e+13   4.4280e+00
5.1762e+13   4.4310e+00
5.1984e+13   4.4340e+00
5.2205e+13   4.4370e+00
5.2427e+13   4.4400e+00
5.2649e+13   4.4430e+00
5.2872e+13   4.4460e+00
5.3095e+13   4.4490e+00
5.3319e+13   4.4520e+00
5.3543e+13   4.4550e+00
5.3767e+13   4.4580e+00
5.3992e+13   4.4610e+00
5.4217e+13   4.4640e+00
5.4442e+13   4.4670e+00
5.4667e+13   4.4700e+00
5.4893e+13   4.4730e+00
5.5120e+13   4.4760e+00
5.5346e+13   4.4790e+00
5.5573e+13   4.4820e+00
5.5800e+13   4.4850e+00
5.6027e+13   4.4880e+00
5.6255e+13   4.4910e+00
5.6482e+13   4.4940e+00
5.6710e+13   4.4970e+00
5.6939e+13   4.5000e+00
5.7167e+13   4.5030e+00
5.7396e+13   4.5060e+00
5.7624e+13   4.5090e+00
5.7853e+13   4.5120e+00
5.8082e+13   4.5150e+00
5.8311e+13   4.5180e+00
5.8541e+13   4.5210e+00
5.8770e+13   4.5240e+00
5.8999e+13   4.5270e+00
5.9229e+13   4.5300e+00
5.9459e+13   4.5330e+00
5.9688e+13   4.5360e+00
5.9918e+13   4.5390e+00
6.0148e+13   4.5420e+00
6.0377e+13   4.5450e+00
6.0607e+13   4.5480e+00
6.0836e+13   4.5510e+00
6.1066e+13   4.5540e+00
6.1295e+13   4.5570e+00
6.1525e+13   4.5600e+00
6.1754e+13   4.5630e+00
6.1983e+13   4.5660e+00
6.2212e+13   4.5690e+00
6.2441e+13   4.5720e+00
6.2670e+13   4.5750e+00
6.2898e+13   4.5780e+00
6.3127e+13   4.5810e+00
6.3355e+13   4.5840e+00
6.3582e+13   4.5870e+00
6.3810e+13   4.5900e+00
6.4037e+13   4.5930e+00
6.4264e+13   4.5960e+00
6.4490e+13   4.5990e+00
6.4716e+13   4.6020e+00
6.4942e+13   4.6050e+00
6.5168e+13   4.6080e+00
6.5392e+13   4.6110e+00
6.5617e+13   4.6140e+00
6.5841e+13   4.6170e+00
6.6064e+13   4.6200e+00
6.6287e+13   4.6230e+00
6.6510e+13   4.6260e+00
6.6732e+13   4.6290e+00
6.6953e+13   4.6320e+00
6.7173e+13   4.6350e+00
6.7393e+13   4.6380e+00
6.7613e+13   4.6410e+00
6.7831e+13   4.6440e+00
6.8049e+13   4.6470e+00
6.8266e+13   4.6500e+00
6.8482e+13   4.6530e+00
6.8698e+13   4.6560e+00
6.8913e+13   4.6590e+00
6.9126e+13   4.6620e+00
6.9339e+13   4.6650e+00
6.9551e+13   4.6680e+00
6.9762e+13   4.6710e+00
6.9972e+13   4.6740e+00
7.0181e+13   4.6770e+00
7.0389e+13   4.6800e+00
7.0596e+13   4.6830e+00
7.0801e+13   4.6860e+00
7.1006e+13   4.6890e+00
7.1209e+13   4.6920e+00
7.1411e+13   4.6950e+00
7.1612e+13   4.6980e+00
7.1811e+13   4.7010e+00
7.2010e+13   4.7040e+00
7.2207e+13   4.7070e+00
7.2402e+13   4.7100e+00
7.2596e+13   4.7130e+00
7.2789e+13   4.7160e+00
7.2980e+13   4.7190e+00
7.3169e+13   4.7220e+00
7.3357e+13   4.7250e+00
7.3543e+13   4.7280e+00
7.3728e+13   4.7310e+00
7.3911e+13   4.7340e+00
7.4092e+13   4.7370e+00
7.4271e+13   4.7400e+00
7.4449e+13   4.7430e+00
7.4625e+13   4.7460e+00
7.4798e+13   4.7490e+00
7.4970e+13   4.7520e+00
7.5140e+13   4.7550e+00
7.5308e+13   4.7580e+00
7.5474e+13   4.7610e+00
7.5637e+13   4.7640e+00
7.5798e+13   4.7670e+00
7.5958e+13   4.7700e+00
7.6115e+13   4.7730e+00
7.6269e+13   4.7760e+00
7.6421e+13   4.7790e+00
7.6571e+13   4.7820e+00
7.6719e+13   4.7850e+00
7.6863e+13   4.7880e+00
7.7006e+13   4.7910e+00
7.7145e+13   4.7940e+00
7.7282e+13   4.7970e+00
7.7417e+13   4.8000e+00
7.7548e+13   4.8030e+00
7.7677e+13   4.8060e+00
7.7803e+13   4.8090e+00
7.7926e+13   4.8120e+00
7.8046e+13   4.8150e+00
7.8163e+13   4.8180e+00
7.8277e+13   4.8210e+00
7.8388e+13   4.8240e+00
7.8495e+13   4.8270e+00
7.8600e+13   4.8300e+00
7.8701e+13   4.8330e+00
7.8798e+13   4.8360e+00
7.8892e+13   4.8390e+00
7.8983e+13   4.8420e+00
7.9071e+13   4.8450e+00
7.9154e+13   4.8480e+00
7.9234e+13   4.8510e+00
7.9310e+13   4.8540e+00
7.9383e+13   4.8570e+00
7.9452e+13   4.8600e+00
7.9516e+13   4.8630e+00
7.9577e+13   4.8660e+00
7.9634e+13   4.8690e+00
7.9687e+13   4.8720e+00
7.9735e+13   4.8750e+00
7.9780e+13   4.8780e+00
7.9820e+13   4.8810e+00
7.9855e+13   4.8840e+00
7.9887e+13   4.8870e+00
7.9914e+13   4.8900e+00
7.9936e+13   4.8930e+00
7.9954e+13   4.8960e+00
7.9967e+13   4.8990e+00
7.9975e+13   4.9020e+00
7.9978e+13   4.9050e+00
7.9977e+13   4.9080e+00
7.9971e+13   4.9110e+00
7.9959e+13   4.9140e+00
7.9943e+13   4.9170e+00
7.9921e+13   4.9200e+00
7.9895e+13   4.9230e+00
7.9863e+13   4.9260e+00
7.9825e+13   4.9290e+00
7.9782e+13   4.9320e+00
7.9734e+13   4.9350e+00
7.9680e+13   4.9380e+00
7.9620e+13   4.9410e+00
7.9555e+13   4.9440e+00
7.9484e+13   4.9470e+00
7.9407e+13   4.9500e+00
7.9324e+13   4.9530e+00
7.9236e+13   4.9560e+00
7.9141e+13   4.9590e+00
7.9040e+13   4.9620e+00
7.8932e+13   4.9650e+00
7.8819e+13   4.9680e+00
7.8699e+13   4.9710e+00
7.8573e+13   4.9740e+00
7.8440e+13   4.9770e+00
7.8300e+13   4.9800e+00
7.8154e+13   4.9830e+00
7.8002e+13   4.9860e+00
7.7842e+13   4.9890e+00
7.7676e+13   4.9920e+00
7.7502e+13   4.9950e+00
7.7322e+13   4.9980e+00
7.7135e+13   5.0010e+00
7.6940e+13   5.0040e+00
7.6739e+13   5.0070e+00
7.6530e+13   5.0100e+00
7.6313e+13   5.0130e+00
7.6090e+13   5.0160e+00
7.5859e+13   5.0190e+00
7.5620e+13   5.0220e+00
7.5374e+13   5.0250e+00
7.5120e+13   5.0280e+00
7.4858e+13   5.0310e+00
7.4588e+13   5.0340e+00
7.4311e+13   5.0370e+00
7.4026e+13   5.0400e+00
7.3733e+13   5.0430e+00
7.3431e+13   5.0460e+00
7.3122e+13   5.0490e+00
7.2805e+13   5.0520e+00
7.2479e+13   5.0550e+00
7.2145e+13   5.0580e+00
7.1803e+13   5.0610e+00
7.1452e+13   5.0640e+00
7.1093e+13   5.0670e+00
7.0726e+13   5.0700e+00
7.0350e+13   5.0730e+00
6.9965e+13   5.0760e+00
6.9572e+13   5.0790e+00
6.9170e+13   5.0820e+00
6.8760e+13   5.0850e+00
6.8341e+13   5.0880e+00
6.7913e+13   5.0910e+00
6.7477e+13   5.0940e+00
6.7032e+13   5.0970e+00
6.6577e+13   5.1000e+00
6.6114e+13   5.1030e+00
6.5643e+13   5.1060e+00
6.5162e+13   5.1090e+00
6.4672e+13   5.1120e+00
6.4174e+13   5.1150e+00
6.3667e+13   5.1180e+00
6.3150e+13   5.1210e+00
6.2625e+13   5.1240e+00
6.2091e+13   5.1270e+00
6.1548e+13   5.1300e+00
6.0996e+13   5.1330e+00
6.0436e+13   5.1360e+00
5.9866e+13   5.1390e+00
5.9288e+13   5.1420e+00
5.8701e+13   5.1450e+00
5.8105e+13   5.1480e+00
5.7500e+13   5.1510e+00
5.6887e+13   5.1540e+00
5.6265e+13   5.1570e+00
5.5634e+13   5.1600e+00
5.4995e+13   5.1630e+00
5.4348e+13   5.1660e+00
5.3692e+13   5.1690e+00
5.3027e+13   5.1720e+00
5.2355e+13   5.1750e+00
5.1674e+13   5.1780e+00
5.0986e+13   5.1810e+00
5.0289e+13   5.1840e+00
4.9585e+13   5.1870e+00
4.8873e+13   5.1900e+00
4.8153e+13   5.1930e+00
4.7426e+13   5.1960e+00
4.6692e+13   5.1990e+00
4.5950e+13   5.2020e+00
4.5202e+13   5.2050e+00
4.4446e+13   5.2080e+00
4.3684e+13   5.2110e+00
4.2916e+13   5.2140e+00
4.2141e+13   5.2170e+00
4.1361e+13   5.2200e+00
4.0574e+13   5.2230e+00
3.9782e+13   5.2260e+00
3.8985e+13   5.2290e+00
3.8182e+13   5.2320e+00
3.7374e+13   5.2350e+00
3.6562e+13   5.2380e+00
3.5746e+13   5.2410e+00
3.4926e+13   5.2440e+00
3.4102e+13   5.2470e+00
3.3275e+13   5.2500e+00
3.2444e+13   5.2530e+00
3.1611e+13   5.2560e+00
3.0776e+13   5.2590e+00
2.9939e+13   5.2620e+00
2.9100e+13   5.2650e+00
2.8260e+13   5.2680e+00
2.7420e+13   5.2710e+00
2.6579e+13   5.2740e+00
2.5739e+13   5.2770e+00
2.4899e+13   5.2800e+00
2.4060e+13   5.2830e+00
2.3224e+13   5.2860e+00
2.2389e+13   5.2890e+00
2.1557e+13   5.2920e+00
2.0729e+13   5.2950e+00
1.9905e+13   5.2980e+00
1.9085e+13   5.3010e+00
1.8271e+13   5.3040e+00
1.7462e+13   5.3070e+00
1.6660e+13   5.3100e+00
1.5865e+13   5.3130e+00
1.5078e+13   5.3160e+00
1.4300e+13   5.3190e+00
1.3532e+13   5.3220e+00
1.2773e+13   5.3250e+00
1.2026e+13   5.3280e+00
1.1291e+13   5.3310e+00
1.0569e+13   5.3340e+00
9.8599e+12   5.3370e+00
9.1659e+12   5.3400e+00
8.6414e+12   5.3430e+00
7.9493e+12   5.3460e+00
7.2773e+12   5.3490e+00
6.6264e+12   5.3520e+00
5.9976e+12   5.3550e+00
5.3919e+12   5.3580e+00
4.8106e+12   5.3610e+00
4.2547e+12   5.3640e+00
3.7254e+12   5.3670e+00
3.2239e+12   5.3700e+00
2.7515e+12   5.3730e+00
2.3093e+12   5.3760e+00
1.8988e+12   5.3790e+00
1.5213e+12   5.3820e+00
1.1781e+12   5.3850e+00
8.7087e+11   5.3880e+00
6.0109e+11   5.3910e+00
3.7050e+11   5.3940e+00
1.8096e+11   5.3970e+00
3.3585e+10   5.4000e+00
