Dia: 0.3 m | Vel: 14.4 km/s | theta: 72.0 deg | Strength: 4.0e+06 Pa
Power (W)    Altitude (m)
3.9203e+07   6.9959e+04
3.9365e+07   6.9918e+04
3.9527e+07   6.9877e+04
3.9689e+07   6.9836e+04
3.9853e+07   6.9795e+04
4.0017e+07   6.9753e+04
4.0182e+07   6.9712e+04
4.0347e+07   6.9671e+04
4.0513e+07   6.9630e+04
4.0680e+07   6.9589e+04
4.0848e+07   6.9548e+04
4.1016e+07   6.9507e+04
4.1185e+07   6.9466e+04
4.1355e+07   6.9425e+04
4.1525e+07   6.9384e+04
4.1696e+07   6.9343e+04
4.1868e+07   6.9302e+04
4.2041e+07   6.9260e+04
4.2214e+07   6.9219e+04
4.2388e+07   6.9178e+04
4.2563e+07   6.9137e+04
4.2739e+07   6.9096e+04
4.2915e+07   6.9055e+04
4.3092e+07   6.9014e+04
4.3270e+07   6.8973e+04
4.3448e+07   6.8932e+04
4.3628e+07   6.8891e+04
4.3808e+07   6.8850e+04
4.3988e+07   6.8809e+04
4.4170e+07   6.8767e+04
4.4352e+07   6.8726e+04
4.4535e+07   6.8685e+04
4.4719e+07   6.8644e+04
4.4904e+07   6.8603e+04
4.5089e+07   6.8562e+04
4.5275e+07   6.8521e+04
4.5462e+07   6.8480e+04
4.5650e+07   6.8439e+04
4.5839e+07   6.8398e+04
4.6028e+07   6.8357e+04
4.6218e+07   6.8316e+04
4.6409e+07   6.8274e+04
4.6601e+07   6.8233e+04
4.6794e+07   6.8192e+04
4.6987e+07   6.8151e+04
4.7181e+07   6.8110e+04
4.7376e+07   6.8069e+04
4.7572e+07   6.8028e+04
4.7769e+07   6.7987e+04
4.7966e+07   6.7946e+04
4.8164e+07   6.7905e+04
4.8364e+07   6.7864e+04
4.8563e+07   6.7823e+04
4.8764e+07   6.7782e+04
4.8966e+07   6.7740e+04
4.9168e+07   6.7699e+04
4.9372e+07   6.7658e+04
4.9576e+07   6.7617e+04
4.9781e+07   6.7576e+04
4.9987e+07   6.7535e+04
5.0194e+07   6.7494e+04
5.0401e+07   6.7453e+04
5.0610e+07   6.7412e+04
5.0819e+07   6.7371e+04
5.1029e+07   6.7330e+04
5.1241e+07   6.7289e+04
5.1453e+07   6.7247e+04
5.1665e+07   6.7206e+04
5.1879e+07   6.7165e+04
5.2094e+07   6.7124e+04
5.2310e+07   6.7083e+04
5.2526e+07   6.7042e+04
5.2743e+07   6.7001e+04
5.2962e+07   6.6960e+04
5.3181e+07   6.6919e+04
5.3401e+07   6.6878e+04
5.3622e+07   6.6837e+04
5.3844e+07   6.6796e+04
5.4067e+07   6.6755e+04
5.4291e+07   6.6713e+04
5.4515e+07   6.6672e+04
5.4741e+07   6.6631e+04
5.4968e+07   6.6590e+04
5.5195e+07   6.6549e+04
5.5424e+07   6.6508e+04
5.5653e+07   6.6467e+04
5.5883e+07   6.6426e+04
5.6115e+07   6.6385e+04
5.6347e+07   6.6344e+04
5.6580e+07   6.6303e+04
5.6815e+07   6.6262e+04
5.7050e+07   6.6221e+04
5.7286e+07   6.6179e+04
5.7523e+07   6.6138e+04
5.7761e+07   6.6097e+04
5.8000e+07   6.6056e+04
5.8240e+07   6.6015e+04
5.8481e+07   6.5974e+04
5.8724e+07   6.5933e+04
5.8967e+07   6.5892e+04
5.9211e+07   6.5851e+04
5.9456e+07   6.5810e+04
5.9702e+07   6.5769e+04
5.9949e+07   6.5728e+04
6.0197e+07   6.5687e+04
6.0446e+07   6.5645e+04
6.0697e+07   6.5604e+04
6.0948e+07   6.5563e+04
6.1200e+07   6.5522e+04
6.1453e+07   6.5481e+04
6.1708e+07   6.5440e+04
6.1963e+07   6.5399e+04
6.2219e+07   6.5358e+04
6.2477e+07   6.5317e+04
6.2735e+07   6.5276e+04
6.2995e+07   6.5235e+04
6.3256e+07   6.5194e+04
6.3517e+07   6.5153e+04
6.3780e+07   6.5112e+04
6.4044e+07   6.5070e+04
6.4309e+07   6.5029e+04
6.4575e+07   6.4988e+04
6.4842e+07   6.4947e+04
6.5110e+07   6.4906e+04
6.5379e+07   6.4865e+04
6.5650e+07   6.4824e+04
6.5921e+07   6.4783e+04
6.6194e+07   6.4742e+04
6.6467e+07   6.4701e+04
6.6742e+07   6.4660e+04
6.7018e+07   6.4619e+04
6.7295e+07   6.4578e+04
6.7573e+07   6.4537e+04
6.7853e+07   6.4495e+04
6.8133e+07   6.4454e+04
6.8415e+07   6.4413e+04
6.8697e+07   6.4372e+04
6.8981e+07   6.4331e+04
6.9266e+07   6.4290e+04
6.9552e+07   6.4249e+04
6.9839e+07   6.4208e+04
7.0128e+07   6.4167e+04
7.0417e+07   6.4126e+04
7.0708e+07   6.4085e+04
7.1000e+07   6.4044e+04
7.1293e+07   6.4003e+04
7.1587e+07   6.3962e+04
7.1883e+07   6.3920e+04
7.2180e+07   6.3879e+04
7.2477e+07   6.3838e+04
7.2776e+07   6.3797e+04
7.3077e+07   6.3756e+04
7.3378e+07   6.3715e+04
7.3681e+07   6.3674e+04
7.3984e+07   6.3633e+04
7.4290e+07   6.3592e+04
7.4596e+07   6.3551e+04
7.4903e+07   6.3510e+04
7.5212e+07   6.3469e+04
7.5522e+07   6.3428e+04
7.5833e+07   6.3387e+04
7.6145e+07   6.3346e+04
7.6459e+07   6.3304e+04
7.6774e+07   6.3263e+04
7.7090e+07   6.3222e+04
7.7407e+07   6.3181e+04
7.7726e+07   6.3140e+04
7.8046e+07   6.3099e+04
7.8367e+07   6.3058e+04
7.8689e+07   6.3017e+04
7.9013e+07   6.2976e+04
7.9338e+07   6.2935e+04
7.9664e+07   6.2894e+04
7.9992e+07   6.2853e+04
8.0320e+07   6.2812e+04
8.0651e+07   6.2771e+04
8.0982e+07   6.2730e+04
8.1315e+07   6.2689e+04
8.1648e+07   6.2647e+04
8.1984e+07   6.2606e+04
8.2320e+07   6.2565e+04
8.2658e+07   6.2524e+04
8.2997e+07   6.2483e+04
8.3338e+07   6.2442e+04
8.3680e+07   6.2401e+04
8.4023e+07   6.2360e+04
8.4367e+07   6.2319e+04
8.4713e+07   6.2278e+04
8.5060e+07   6.2237e+04
8.5409e+07   6.2196e+04
8.5759e+07   6.2155e+04
8.6110e+07   6.2114e+04
8.6462e+07   6.2073e+04
8.6816e+07   6.2032e+04
8.7171e+07   6.1990e+04
8.7528e+07   6.1949e+04
8.7886e+07   6.1908e+04
8.8245e+07   6.1867e+04
8.8606e+07   6.1826e+04
8.8968e+07   6.1785e+04
8.9332e+07   6.1744e+04
8.9696e+07   6.1703e+04
9.0063e+07   6.1662e+04
9.0430e+07   6.1621e+04
9.0799e+07   6.1580e+04
9.1170e+07   6.1539e+04
9.1541e+07   6.1498e+04
9.1915e+07   6.1457e+04
9.2289e+07   6.1416e+04
9.2665e+07   6.1375e+04
9.3043e+07   6.1334e+04
9.3422e+07   6.1292e+04
9.3802e+07   6.1251e+04
9.4184e+07   6.1210e+04
9.4567e+07   6.1169e+04
9.4951e+07   6.1128e+04
9.5337e+07   6.1087e+04
9.5725e+07   6.1046e+04
9.6113e+07   6.1005e+04
9.6504e+07   6.0964e+04
9.6896e+07   6.0923e+04
9.7289e+07   6.0882e+04
9.7683e+07   6.0841e+04
9.8079e+07   6.0800e+04
9.8477e+07   6.0759e+04
9.8876e+07   6.0718e+04
9.9277e+07   6.0677e+04
9.9678e+07   6.0636e+04
1.0008e+08   6.0595e+04
1.0049e+08   6.0553e+04
1.0089e+08   6.0512e+04
1.0130e+08   6.0471e+04
1.0171e+08   6.0430e+04
1.0212e+08   6.0389e+04
1.0253e+08   6.0348e+04
1.0295e+08   6.0307e+04
1.0336e+08   6.0266e+04
1.0378e+08   6.0225e+04
1.0420e+08   6.0184e+04
1.0462e+08   6.0143e+04
1.0504e+08   6.0102e+04
1.0546e+08   6.0061e+04
1.0589e+08   6.0020e+04
1.0631e+08   5.9979e+04
1.0674e+08   5.9938e+04
1.0717e+08   5.9897e+04
1.0760e+08   5.9856e+04
1.0803e+08   5.9815e+04
1.0846e+08   5.9774e+04
1.0890e+08   5.9733e+04
1.0933e+08   5.9691e+04
1.0977e+08   5.9650e+04
1.1021e+08   5.9609e+04
1.1065e+08   5.9568e+04
1.1110e+08   5.9527e+04
1.1154e+08   5.9486e+04
1.1199e+08   5.9445e+04
1.1243e+08   5.9404e+04
1.1288e+08   5.9363e+04
1.1333e+08   5.9322e+04
1.1378e+08   5.9281e+04
1.1424e+08   5.9240e+04
1.1469e+08   5.9199e+04
1.1515e+08   5.9158e+04
1.1561e+08   5.9117e+04
1.1606e+08   5.9076e+04
1.1653e+08   5.9035e+04
1.1699e+08   5.8994e+04
1.1745e+08   5.8953e+04
1.1792e+08   5.8912e+04
1.1839e+08   5.8871e+04
1.1885e+08   5.8830e+04
1.1933e+08   5.8788e+04
1.1980e+08   5.8747e+04
1.2027e+08   5.8706e+04
1.2075e+08   5.8665e+04
1.2122e+08   5.8624e+04
1.2170e+08   5.8583e+04
1.2218e+08   5.8542e+04
1.2266e+08   5.8501e+04
1.2314e+08   5.8460e+04
1.2363e+08   5.8419e+04
1.2412e+08   5.8378e+04
1.2460e+08   5.8337e+04
1.2509e+08   5.8296e+04
1.2558e+08   5.8255e+04
1.2608e+08   5.8214e+04
1.2657e+08   5.8173e+04
1.2706e+08   5.8132e+04
1.2756e+08   5.8091e+04
1.2806e+08   5.8050e+04
1.2856e+08   5.8009e+04
1.2906e+08   5.7968e+04
1.2957e+08   5.7927e+04
1.3007e+08   5.7886e+04
1.3058e+08   5.7845e+04
1.3108e+08   5.7804e+04
1.3159e+08   5.7763e+04
1.3210e+08   5.7722e+04
1.3262e+08   5.7680e+04
1.3313e+08   5.7639e+04
1.3365e+08   5.7598e+04
1.3416e+08   5.7557e+04
1.3468e+08   5.7516e+04
1.3520e+08   5.7475e+04
1.3573e+08   5.7434e+04
1.3625e+08   5.7393e+04
1.3677e+08   5.7352e+04
1.3730e+08   5.7311e+04
1.3783e+08   5.7270e+04
1.3836e+08   5.7229e+04
1.3889e+08   5.7188e+04
1.3942e+08   5.7147e+04
1.3996e+08   5.7106e+04
1.4049e+08   5.7065e+04
1.4103e+08   5.7024e+04
1.4157e+08   5.6983e+04
1.4211e+08   5.6942e+04
1.4265e+08   5.6901e+04
1.4319e+08   5.6860e+04
1.4374e+08   5.6819e+04
1.4429e+08   5.6778e+04
1.4483e+08   5.6737e+04
1.4538e+08   5.6696e+04
1.4593e+08   5.6655e+04
1.4649e+08   5.6614e+04
1.4704e+08   5.6573e+04
1.4760e+08   5.6532e+04
1.4815e+08   5.6491e+04
1.4871e+08   5.6450e+04
1.4927e+08   5.6409e+04
1.4983e+08   5.6368e+04
1.5040e+08   5.6327e+04
1.5096e+08   5.6286e+04
1.5153e+08   5.6245e+04
1.5209e+08   5.6204e+04
1.5266e+08   5.6163e+04
1.5323e+08   5.6122e+04
1.5380e+08   5.6081e+04
1.5437e+08   5.6039e+04
1.5495e+08   5.5998e+04
1.5552e+08   5.5957e+04
1.5610e+08   5.5916e+04
1.5668e+08   5.5875e+04
1.5726e+08   5.5834e+04
1.5784e+08   5.5793e+04
1.5842e+08   5.5752e+04
1.5901e+08   5.5711e+04
1.5959e+08   5.5670e+04
1.6018e+08   5.5629e+04
1.6077e+08   5.5588e+04
1.6136e+08   5.5547e+04
1.6195e+08   5.5506e+04
1.6254e+08   5.5465e+04
1.6313e+08   5.5424e+04
1.6373e+08   5.5383e+04
1.6432e+08   5.5342e+04
1.6492e+08   5.5301e+04
1.6552e+08   5.5260e+04
1.6612e+08   5.5219e+04
1.6672e+08   5.5178e+04
1.6732e+08   5.5137e+04
1.6793e+08   5.5096e+04
1.6853e+08   5.5055e+04
1.6914e+08   5.5014e+04
1.6974e+08   5.4973e+04
1.7035e+08   5.4932e+04
1.7096e+08   5.4891e+04
1.7157e+08   5.4850e+04
1.7218e+08   5.4809e+04
1.7280e+08   5.4768e+04
1.7341e+08   5.4727e+04
1.7403e+08   5.4686e+04
1.7464e+08   5.4645e+04
1.7526e+08   5.4604e+04
1.7588e+08   5.4563e+04
1.7650e+08   5.4522e+04
1.7712e+08   5.4481e+04
1.7774e+08   5.4440e+04
1.7836e+08   5.4399e+04
1.7899e+08   5.4358e+04
1.7961e+08   5.4317e+04
1.8024e+08   5.4276e+04
1.8086e+08   5.4235e+04
1.8149e+08   5.4194e+04
1.8212e+08   5.4153e+04
1.8275e+08   5.4112e+04
1.8338e+08   5.4071e+04
1.8401e+08   5.4030e+04
1.8464e+08   5.3989e+04
1.8527e+08   5.3948e+04
1.8591e+08   5.3907e+04
1.8654e+08   5.3866e+04
1.8718e+08   5.3825e+04
1.8781e+08   5.3784e+04
1.8845e+08   5.3743e+04
1.8909e+08   5.3702e+04
1.8973e+08   5.3661e+04
1.9037e+08   5.3620e+04
1.9101e+08   5.3579e+04
1.9165e+08   5.3538e+04
1.9229e+08   5.3497e+04
1.9293e+08   5.3456e+04
1.9357e+08   5.3415e+04
1.9421e+08   5.3374e+04
1.9486e+08   5.3333e+04
1.9550e+08   5.3292e+04
1.9615e+08   5.3251e+04
1.9679e+08   5.3210e+04
1.9744e+08   5.3169e+04
1.9808e+08   5.3128e+04
1.9873e+08   5.3087e+04
1.9938e+08   5.3046e+04
2.0002e+08   5.3006e+04
2.0067e+08   5.2965e+04
2.0132e+08   5.2924e+04
2.0197e+08   5.2883e+04
2.0261e+08   5.2842e+04
2.0326e+08   5.2801e+04
2.0391e+08   5.2760e+04
2.0456e+08   5.2719e+04
2.0521e+08   5.2678e+04
2.0586e+08   5.2637e+04
2.0651e+08   5.2596e+04
2.0716e+08   5.2555e+04
2.0781e+08   5.2514e+04
2.0846e+08   5.2473e+04
2.0911e+08   5.2432e+04
2.0976e+08   5.2391e+04
2.1040e+08   5.2350e+04
2.1105e+08   5.2309e+04
2.1170e+08   5.2268e+04
2.1235e+08   5.2227e+04
2.1300e+08   5.2186e+04
2.1365e+08   5.2145e+04
2.1430e+08   5.2104e+04
2.1495e+08   5.2063e+04
2.1559e+08   5.2022e+04
2.1624e+08   5.1981e+04
2.1689e+08   5.1940e+04
2.1753e+08   5.1899e+04
2.1818e+08   5.1858e+04
2.1882e+08   5.1817e+04
2.1947e+08   5.1776e+04
2.2011e+08   5.1735e+04
2.2076e+08   5.1695e+04
2.2140e+08   5.1654e+04
2.2204e+08   5.1613e+04
2.2268e+08   5.1572e+04
2.2332e+08   5.1531e+04
2.2396e+08   5.1490e+04
2.2460e+08   5.1449e+04
2.2524e+08   5.1408e+04
2.2588e+08   5.1367e+04
2.2651e+08   5.1326e+04
2.2715e+08   5.1285e+04
2.2778e+08   5.1244e+04
2.2842e+08   5.1203e+04
2.2905e+08   5.1162e+04
2.2968e+08   5.1121e+04
2.3031e+08   5.1080e+04
2.3094e+08   5.1039e+04
2.3156e+08   5.0998e+04
2.3219e+08   5.0957e+04
2.3281e+08   5.0916e+04
2.3343e+08   5.0876e+04
2.3405e+08   5.0835e+04
2.3467e+08   5.0794e+04
2.3529e+08   5.0753e+04
2.3590e+08   5.0712e+04
2.3652e+08   5.0671e+04
2.3713e+08   5.0630e+04
2.3774e+08   5.0589e+04
2.3835e+08   5.0548e+04
2.3896e+08   5.0507e+04
2.3956e+08   5.0466e+04
2.4016e+08   5.0425e+04
2.4076e+08   5.0384e+04
2.4136e+08   5.0343e+04
2.4195e+08   5.0302e+04
2.4255e+08   5.0262e+04
2.4314e+08   5.0221e+04
2.4373e+08   5.0180e+04
2.4431e+08   5.0139e+04
2.4490e+08   5.0098e+04
2.4548e+08   5.0057e+04
2.4606e+08   5.0016e+04
2.4663e+08   4.9975e+04
2.4720e+08   4.9934e+04
2.4777e+08   4.9893e+04
2.4834e+08   4.9852e+04
2.4890e+08   4.9811e+04
2.4946e+08   4.9770e+04
2.5002e+08   4.9730e+04
2.5058e+08   4.9689e+04
2.5113e+08   4.9648e+04
2.5167e+08   4.9607e+04
2.5222e+08   4.9566e+04
2.5276e+08   4.9525e+04
2.5330e+08   4.9484e+04
2.5383e+08   4.9443e+04
2.5436e+08   4.9402e+04
2.5489e+08   4.9361e+04
2.5541e+08   4.9320e+04
2.5593e+08   4.9280e+04
2.5644e+08   4.9239e+04
2.5695e+08   4.9198e+04
2.5746e+08   4.9157e+04
2.5796e+08   4.9116e+04
2.5846e+08   4.9075e+04
2.5895e+08   4.9034e+04
2.5944e+08   4.8993e+04
2.5993e+08   4.8952e+04
2.6041e+08   4.8911e+04
2.6088e+08   4.8871e+04
2.6135e+08   4.8830e+04
2.6182e+08   4.8789e+04
2.6228e+08   4.8748e+04
2.6273e+08   4.8707e+04
2.6318e+08   4.8666e+04
2.6363e+08   4.8625e+04
2.6407e+08   4.8584e+04
2.6450e+08   4.8543e+04
2.6493e+08   4.8503e+04
2.6536e+08   4.8462e+04
2.6577e+08   4.8421e+04
2.6619e+08   4.8380e+04
2.6659e+08   4.8339e+04
2.6699e+08   4.8298e+04
2.6739e+08   4.8257e+04
2.6777e+08   4.8216e+04
2.6816e+08   4.8176e+04
2.6853e+08   4.8135e+04
2.6890e+08   4.8094e+04
2.6926e+08   4.8053e+04
2.6962e+08   4.8012e+04
2.6997e+08   4.7971e+04
2.7031e+08   4.7930e+04
2.7065e+08   4.7890e+04
2.7097e+08   4.7849e+04
2.7130e+08   4.7808e+04
2.7161e+08   4.7767e+04
2.7192e+08   4.7726e+04
2.7222e+08   4.7685e+04
2.7251e+08   4.7644e+04
2.7279e+08   4.7604e+04
2.7307e+08   4.7563e+04
2.7334e+08   4.7522e+04
2.7360e+08   4.7481e+04
2.7385e+08   4.7440e+04
2.7410e+08   4.7399e+04
2.7433e+08   4.7358e+04
2.7456e+08   4.7318e+04
2.7478e+08   4.7277e+04
2.7499e+08   4.7236e+04
2.7519e+08   4.7195e+04
2.7539e+08   4.7154e+04
2.7557e+08   4.7113e+04
2.7574e+08   4.7073e+04
2.7591e+08   4.7032e+04
2.7607e+08   4.6991e+04
2.7621e+08   4.6950e+04
2.7635e+08   4.6909e+04
2.7648e+08   4.6868e+04
2.7660e+08   4.6828e+04
2.7670e+08   4.6787e+04
2.7680e+08   4.6746e+04
2.7689e+08   4.6705e+04
2.7697e+08   4.6664e+04
2.7704e+08   4.6624e+04
2.7709e+08   4.6583e+04
2.7714e+08   4.6542e+04
2.7717e+08   4.6501e+04
2.7720e+08   4.6460e+04
2.7721e+08   4.6419e+04
2.7721e+08   4.6379e+04
2.7720e+08   4.6338e+04
2.7718e+08   4.6297e+04
2.7715e+08   4.6256e+04
2.7711e+08   4.6215e+04
2.7705e+08   4.6175e+04
2.7698e+08   4.6134e+04
2.7690e+08   4.6093e+04
2.7681e+08   4.6052e+04
2.7671e+08   4.6012e+04
2.7659e+08   4.5971e+04
2.7646e+08   4.5930e+04
2.7632e+08   4.5889e+04
2.7616e+08   4.5848e+04
2.7599e+08   4.5808e+04
2.7581e+08   4.5767e+04
2.7562e+08   4.5726e+04
2.7541e+08   4.5685e+04
2.7519e+08   4.5645e+04
2.7495e+08   4.5604e+04
2.7471e+08   4.5563e+04
2.7444e+08   4.5522e+04
2.7417e+08   4.5481e+04
2.7388e+08   4.5441e+04
2.7357e+08   4.5400e+04
2.7325e+08   4.5359e+04
2.7292e+08   4.5318e+04
2.7257e+08   4.5278e+04
2.7220e+08   4.5237e+04
2.7182e+08   4.5196e+04
2.7143e+08   4.5155e+04
2.7102e+08   4.5115e+04
2.7060e+08   4.5074e+04
2.7016e+08   4.5033e+04
2.6970e+08   4.4993e+04
2.6923e+08   4.4952e+04
2.6874e+08   4.4911e+04
2.6824e+08   4.4870e+04
2.6772e+08   4.4830e+04
2.6718e+08   4.4789e+04
2.6663e+08   4.4748e+04
2.6606e+08   4.4707e+04
2.6548e+08   4.4667e+04
2.6487e+08   4.4626e+04
2.6425e+08   4.4585e+04
2.6362e+08   4.4545e+04
2.6296e+08   4.4504e+04
2.6229e+08   4.4463e+04
2.6160e+08   4.4423e+04
2.6090e+08   4.4382e+04
2.6017e+08   4.4341e+04
2.5943e+08   4.4300e+04
2.5867e+08   4.4260e+04
2.5790e+08   4.4219e+04
2.5710e+08   4.4178e+04
2.5629e+08   4.4138e+04
2.5546e+08   4.4097e+04
2.5460e+08   4.4056e+04
2.5374e+08   4.4016e+04
2.5285e+08   4.3975e+04
2.5194e+08   4.3934e+04
2.5102e+08   4.3894e+04
2.5007e+08   4.3853e+04
2.4911e+08   4.3812e+04
2.4813e+08   4.3772e+04
2.4713e+08   4.3731e+04
2.4610e+08   4.3691e+04
2.4506e+08   4.3650e+04
2.4400e+08   4.3609e+04
2.4293e+08   4.3569e+04
2.4183e+08   4.3528e+04
2.4071e+08   4.3487e+04
2.3957e+08   4.3447e+04
2.3841e+08   4.3406e+04
2.3723e+08   4.3365e+04
2.3604e+08   4.3325e+04
2.3482e+08   4.3284e+04
2.3358e+08   4.3244e+04
2.3232e+08   4.3203e+04
2.3104e+08   4.3162e+04
2.2975e+08   4.3122e+04
2.2843e+08   4.3081e+04
2.2709e+08   4.3041e+04
2.2573e+08   4.3000e+04
2.2435e+08   4.2959e+04
2.2295e+08   4.2919e+04
2.2153e+08   4.2878e+04
2.2009e+08   4.2838e+04
2.1863e+08   4.2797e+04
2.1715e+08   4.2757e+04
2.1565e+08   4.2716e+04
2.1413e+08   4.2676e+04
2.1259e+08   4.2635e+04
2.1103e+08   4.2594e+04
2.0944e+08   4.2554e+04
2.0784e+08   4.2513e+04
2.0622e+08   4.2473e+04
2.0458e+08   4.2432e+04
2.0292e+08   4.2392e+04
2.0124e+08   4.2351e+04
1.9954e+08   4.2311e+04
1.9782e+08   4.2270e+04
1.9608e+08   4.2230e+04
1.9432e+08   4.2189e+04
1.9254e+08   4.2149e+04
1.9074e+08   4.2108e+04
1.8893e+08   4.2068e+04
1.8709e+08   4.2027e+04
1.8524e+08   4.1987e+04
1.8337e+08   4.1946e+04
1.8148e+08   4.1906e+04
1.7957e+08   4.1865e+04
1.7764e+08   4.1825e+04
1.7570e+08   4.1784e+04
1.7374e+08   4.1744e+04
1.7176e+08   4.1704e+04
1.6976e+08   4.1663e+04
1.6775e+08   4.1623e+04
1.6572e+08   4.1582e+04
1.6368e+08   4.1542e+04
1.6162e+08   4.1501e+04
1.5954e+08   4.1461e+04
1.5745e+08   4.1421e+04
1.5535e+08   4.1380e+04
1.5323e+08   4.1340e+04
1.5110e+08   4.1300e+04
1.4895e+08   4.1259e+04
1.4679e+08   4.1219e+04
1.4462e+08   4.1178e+04
1.4244e+08   4.1138e+04
1.4024e+08   4.1098e+04
1.3804e+08   4.1057e+04
1.3582e+08   4.1017e+04
1.3359e+08   4.0977e+04
1.3135e+08   4.0936e+04
1.2911e+08   4.0896e+04
1.2685e+08   4.0856e+04
1.2459e+08   4.0815e+04
1.2232e+08   4.0775e+04
1.2005e+08   4.0735e+04
1.1777e+08   4.0695e+04
1.1548e+08   4.0654e+04
1.1319e+08   4.0614e+04
1.1090e+08   4.0574e+04
1.0860e+08   4.0534e+04
1.0631e+08   4.0493e+04
1.0401e+08   4.0453e+04
1.0171e+08   4.0413e+04
9.9408e+07   4.0373e+04
9.7111e+07   4.0332e+04
9.4816e+07   4.0292e+04
9.2525e+07   4.0252e+04
9.0238e+07   4.0212e+04
8.7957e+07   4.0172e+04
8.5682e+07   4.0132e+04
8.3414e+07   4.0091e+04
8.1155e+07   4.0051e+04
7.8905e+07   4.0011e+04
7.6667e+07   3.9971e+04
7.4439e+07   3.9931e+04
7.2225e+07   3.9891e+04
7.0025e+07   3.9851e+04
6.7841e+07   3.9811e+04
6.5673e+07   3.9771e+04
6.3522e+07   3.9731e+04
6.1391e+07   3.9690e+04
5.9280e+07   3.9650e+04
5.7190e+07   3.9610e+04
5.5123e+07   3.9570e+04
5.3080e+07   3.9530e+04
5.1062e+07   3.9490e+04
4.9070e+07   3.9451e+04
4.7106e+07   3.9411e+04
4.5171e+07   3.9371e+04
4.3267e+07   3.9331e+04
4.1393e+07   3.9291e+04
3.9552e+07   3.9251e+04
3.7745e+07   3.9211e+04
3.5973e+07   3.9171e+04
3.4237e+07   3.9131e+04
3.2538e+07   3.9092e+04
3.0877e+07   3.9052e+04
2.9255e+07   3.9012e+04
2.7673e+07   3.8972e+04
2.6131e+07   3.8932e+04
2.4632e+07   3.8893e+04
2.3175e+07   3.8853e+04
2.1761e+07   3.8813e+04
2.0391e+07   3.8774e+04
1.9065e+07   3.8734e+04
1.7783e+07   3.8694e+04
1.6547e+07   3.8655e+04
1.5356e+07   3.8615e+04
1.4211e+07   3.8576e+04
1.3112e+07   3.8536e+04
1.2058e+07   3.8497e+04
1.1050e+07   3.8457e+04
1.0088e+07   3.8418e+04
9.1714e+06   3.8378e+04
8.3003e+06   3.8339e+04
7.4742e+06   3.8300e+04
6.6930e+06   3.8260e+04
5.9561e+06   3.8221e+04
5.2634e+06   3.8182e+04
4.6143e+06   3.8143e+04
4.0085e+06   3.8104e+04
3.4456e+06   3.8065e+04
2.9252e+06   3.8026e+04
2.4469e+06   3.7987e+04
2.0104e+06   3.7948e+04
1.6154e+06   3.7909e+04
1.2617e+06   3.7870e+04
9.4926e+05   3.7832e+04
6.7790e+05   3.7793e+04
4.4768e+05   3.7755e+04
2.5872e+05   3.7716e+04
1.1077e+05   3.7678e+04
