Dia: 64.0 m | Vel: 20.0 km/s | theta: 45.0 deg | Strength: 1.0e+05 Pa
Power (W)    Altitude (m)
8.5221e+11   9.9958e+04
8.5526e+11   9.9915e+04
8.5831e+11   9.9873e+04
8.6138e+11   9.9830e+04
8.6446e+11   9.9788e+04
8.6755e+11   9.9745e+04
8.7065e+11   9.9703e+04
8.7377e+11   9.9661e+04
8.7690e+11   9.9618e+04
8.8004e+11   9.9576e+04
8.8319e+11   9.9533e+04
8.8635e+11   9.9491e+04
8.8953e+11   9.9448e+04
8.9271e+11   9.9406e+04
8.9592e+11   9.9364e+04
8.9913e+11   9.9321e+04
9.0235e+11   9.9279e+04
9.0559e+11   9.9236e+04
9.0884e+11   9.9194e+04
9.1210e+11   9.9152e+04
9.1538e+11   9.9109e+04
9.1867e+11   9.9067e+04
9.2197e+11   9.9024e+04
9.2528e+11   9.8982e+04
9.2861e+11   9.8939e+04
9.3195e+11   9.8897e+04
9.3530e+11   9.8855e+04
9.3867e+11   9.8812e+04
9.4205e+11   9.8770e+04
9.4544e+11   9.8727e+04
9.4884e+11   9.8685e+04
9.5226e+11   9.8642e+04
9.5569e+11   9.8600e+04
9.5914e+11   9.8558e+04
9.6260e+11   9.8515e+04
9.6607e+11   9.8473e+04
9.6955e+11   9.8430e+04
9.7305e+11   9.8388e+04
9.7656e+11   9.8346e+04
9.8009e+11   9.8303e+04
9.8363e+11   9.8261e+04
9.8718e+11   9.8218e+04
9.9075e+11   9.8176e+04
9.9433e+11   9.8133e+04
9.9793e+11   9.8091e+04
1.0015e+12   9.8049e+04
1.0052e+12   9.8006e+04
1.0088e+12   9.7964e+04
1.0124e+12   9.7921e+04
1.0161e+12   9.7879e+04
1.0198e+12   9.7837e+04
1.0235e+12   9.7794e+04
1.0272e+12   9.7752e+04
1.0309e+12   9.7709e+04
1.0347e+12   9.7667e+04
1.0384e+12   9.7625e+04
1.0422e+12   9.7582e+04
1.0460e+12   9.7540e+04
1.0498e+12   9.7497e+04
1.0536e+12   9.7455e+04
1.0574e+12   9.7412e+04
1.0612e+12   9.7370e+04
1.0651e+12   9.7328e+04
1.0690e+12   9.7285e+04
1.0729e+12   9.7243e+04
1.0768e+12   9.7200e+04
1.0807e+12   9.7158e+04
1.0846e+12   9.7116e+04
1.0886e+12   9.7073e+04
1.0925e+12   9.7031e+04
1.0965e+12   9.6988e+04
1.1005e+12   9.6946e+04
1.1045e+12   9.6904e+04
1.1085e+12   9.6861e+04
1.1126e+12   9.6819e+04
1.1166e+12   9.6776e+04
1.1207e+12   9.6734e+04
1.1248e+12   9.6692e+04
1.1289e+12   9.6649e+04
1.1330e+12   9.6607e+04
1.1372e+12   9.6564e+04
1.1413e+12   9.6522e+04
1.1455e+12   9.6479e+04
1.1497e+12   9.6437e+04
1.1539e+12   9.6395e+04
1.1581e+12   9.6352e+04
1.1624e+12   9.6310e+04
1.1666e+12   9.6267e+04
1.1709e+12   9.6225e+04
1.1752e+12   9.6183e+04
1.1795e+12   9.6140e+04
1.1838e+12   9.6098e+04
1.1881e+12   9.6055e+04
1.1925e+12   9.6013e+04
1.1969e+12   9.5971e+04
1.2013e+12   9.5928e+04
1.2057e+12   9.5886e+04
1.2101e+12   9.5843e+04
1.2145e+12   9.5801e+04
1.2190e+12   9.5759e+04
1.2235e+12   9.5716e+04
1.2280e+12   9.5674e+04
1.2325e+12   9.5631e+04
1.2370e+12   9.5589e+04
1.2416e+12   9.5547e+04
1.2462e+12   9.5504e+04
1.2507e+12   9.5462e+04
1.2553e+12   9.5419e+04
1.2600e+12   9.5377e+04
1.2646e+12   9.5335e+04
1.2693e+12   9.5292e+04
1.2739e+12   9.5250e+04
1.2786e+12   9.5207e+04
1.2834e+12   9.5165e+04
1.2881e+12   9.5123e+04
1.2929e+12   9.5080e+04
1.2976e+12   9.5038e+04
1.3024e+12   9.4995e+04
1.3072e+12   9.4953e+04
1.3121e+12   9.4911e+04
1.3169e+12   9.4868e+04
1.3218e+12   9.4826e+04
1.3267e+12   9.4783e+04
1.3316e+12   9.4741e+04
1.3365e+12   9.4699e+04
1.3414e+12   9.4656e+04
1.3464e+12   9.4614e+04
1.3514e+12   9.4572e+04
1.3564e+12   9.4529e+04
1.3614e+12   9.4487e+04
1.3665e+12   9.4444e+04
1.3715e+12   9.4402e+04
1.3766e+12   9.4360e+04
1.3817e+12   9.4317e+04
1.3869e+12   9.4275e+04
1.3920e+12   9.4232e+04
1.3972e+12   9.4190e+04
1.4024e+12   9.4148e+04
1.4076e+12   9.4105e+04
1.4128e+12   9.4063e+04
1.4181e+12   9.4020e+04
1.4233e+12   9.3978e+04
1.4286e+12   9.3936e+04
1.4339e+12   9.3893e+04
1.4393e+12   9.3851e+04
1.4446e+12   9.3808e+04
1.4500e+12   9.3766e+04
1.4554e+12   9.3724e+04
1.4609e+12   9.3681e+04
1.4663e+12   9.3639e+04
1.4718e+12   9.3597e+04
1.4773e+12   9.3554e+04
1.4828e+12   9.3512e+04
1.4883e+12   9.3469e+04
1.4939e+12   9.3427e+04
1.4994e+12   9.3385e+04
1.5050e+12   9.3342e+04
1.5107e+12   9.3300e+04
1.5163e+12   9.3257e+04
1.5220e+12   9.3215e+04
1.5277e+12   9.3173e+04
1.5334e+12   9.3130e+04
1.5391e+12   9.3088e+04
1.5449e+12   9.3046e+04
1.5507e+12   9.3003e+04
1.5565e+12   9.2961e+04
1.5623e+12   9.2918e+04
1.5682e+12   9.2876e+04
1.5740e+12   9.2834e+04
1.5799e+12   9.2791e+04
1.5859e+12   9.2749e+04
1.5918e+12   9.2706e+04
1.5978e+12   9.2664e+04
1.6038e+12   9.2622e+04
1.6098e+12   9.2579e+04
1.6158e+12   9.2537e+04
1.6219e+12   9.2495e+04
1.6280e+12   9.2452e+04
1.6341e+12   9.2410e+04
1.6403e+12   9.2367e+04
1.6465e+12   9.2325e+04
1.6526e+12   9.2283e+04
1.6589e+12   9.2240e+04
1.6651e+12   9.2198e+04
1.6714e+12   9.2156e+04
1.6777e+12   9.2113e+04
1.6840e+12   9.2071e+04
1.6904e+12   9.2028e+04
1.6967e+12   9.1986e+04
1.7031e+12   9.1944e+04
1.7096e+12   9.1901e+04
1.7160e+12   9.1859e+04
1.7225e+12   9.1816e+04
1.7290e+12   9.1774e+04
1.7355e+12   9.1732e+04
1.7421e+12   9.1689e+04
1.7487e+12   9.1647e+04
1.7553e+12   9.1605e+04
1.7619e+12   9.1562e+04
1.7686e+12   9.1520e+04
1.7753e+12   9.1477e+04
1.7820e+12   9.1435e+04
1.7887e+12   9.1393e+04
1.7955e+12   9.1350e+04
1.8023e+12   9.1308e+04
1.8091e+12   9.1266e+04
1.8160e+12   9.1223e+04
1.8229e+12   9.1181e+04
1.8298e+12   9.1138e+04
1.8367e+12   9.1096e+04
1.8437e+12   9.1054e+04
1.8507e+12   9.1011e+04
1.8577e+12   9.0969e+04
1.8648e+12   9.0927e+04
1.8719e+12   9.0884e+04
1.8790e+12   9.0842e+04
1.8862e+12   9.0800e+04
1.8933e+12   9.0757e+04
1.9005e+12   9.0715e+04
1.9078e+12   9.0672e+04
1.9150e+12   9.0630e+04
1.9223e+12   9.0588e+04
1.9296e+12   9.0545e+04
1.9370e+12   9.0503e+04
1.9444e+12   9.0461e+04
1.9518e+12   9.0418e+04
1.9592e+12   9.0376e+04
1.9667e+12   9.0333e+04
1.9742e+12   9.0291e+04
1.9817e+12   9.0249e+04
1.9893e+12   9.0206e+04
1.9969e+12   9.0164e+04
2.0045e+12   9.0122e+04
2.0122e+12   9.0079e+04
2.0199e+12   9.0037e+04
2.0276e+12   8.9995e+04
2.0354e+12   8.9952e+04
2.0432e+12   8.9910e+04
2.0510e+12   8.9867e+04
2.0588e+12   8.9825e+04
2.0667e+12   8.9783e+04
2.0746e+12   8.9740e+04
2.0826e+12   8.9698e+04
2.0906e+12   8.9656e+04
2.0986e+12   8.9613e+04
2.1066e+12   8.9571e+04
2.1147e+12   8.9529e+04
2.1228e+12   8.9486e+04
2.1310e+12   8.9444e+04
2.1392e+12   8.9401e+04
2.1474e+12   8.9359e+04
2.1557e+12   8.9317e+04
2.1639e+12   8.9274e+04
2.1723e+12   8.9232e+04
2.1806e+12   8.9190e+04
2.1890e+12   8.9147e+04
2.1974e+12   8.9105e+04
2.2059e+12   8.9063e+04
2.2144e+12   8.9020e+04
2.2229e+12   8.8978e+04
2.2315e+12   8.8935e+04
2.2401e+12   8.8893e+04
2.2487e+12   8.8851e+04
2.2574e+12   8.8808e+04
2.2661e+12   8.8766e+04
2.2748e+12   8.8724e+04
2.2836e+12   8.8681e+04
2.2924e+12   8.8639e+04
2.3013e+12   8.8597e+04
2.3102e+12   8.8554e+04
2.3191e+12   8.8512e+04
2.3281e+12   8.8470e+04
2.3371e+12   8.8427e+04
2.3461e+12   8.8385e+04
2.3552e+12   8.8342e+04
2.3643e+12   8.8300e+04
2.3735e+12   8.8258e+04
2.3827e+12   8.8215e+04
2.3919e+12   8.8173e+04
2.4012e+12   8.8131e+04
2.4105e+12   8.8088e+04
2.4198e+12   8.8046e+04
2.4292e+12   8.8004e+04
2.4386e+12   8.7961e+04
2.4481e+12   8.7919e+04
2.4576e+12   8.7877e+04
2.4672e+12   8.7834e+04
2.4767e+12   8.7792e+04
2.4864e+12   8.7749e+04
2.4960e+12   8.7707e+04
2.5057e+12   8.7665e+04
2.5155e+12   8.7622e+04
2.5253e+12   8.7580e+04
2.5351e+12   8.7538e+04
2.5450e+12   8.7495e+04
2.5549e+12   8.7453e+04
2.5648e+12   8.7411e+04
2.5748e+12   8.7368e+04
2.5849e+12   8.7326e+04
2.5950e+12   8.7284e+04
2.6051e+12   8.7241e+04
2.6152e+12   8.7199e+04
2.6255e+12   8.7157e+04
2.6357e+12   8.7114e+04
2.6460e+12   8.7072e+04
2.6563e+12   8.7030e+04
2.6667e+12   8.6987e+04
2.6771e+12   8.6945e+04
2.6876e+12   8.6903e+04
2.6981e+12   8.6860e+04
2.7087e+12   8.6818e+04
2.7193e+12   8.6775e+04
2.7299e+12   8.6733e+04
2.7406e+12   8.6691e+04
2.7514e+12   8.6648e+04
2.7621e+12   8.6606e+04
2.7730e+12   8.6564e+04
2.7838e+12   8.6521e+04
2.7948e+12   8.6479e+04
2.8057e+12   8.6437e+04
2.8167e+12   8.6394e+04
2.8278e+12   8.6352e+04
2.8389e+12   8.6310e+04
2.8501e+12   8.6267e+04
2.8613e+12   8.6225e+04
2.8725e+12   8.6183e+04
2.8838e+12   8.6140e+04
2.8951e+12   8.6098e+04
2.9065e+12   8.6056e+04
2.9180e+12   8.6013e+04
2.9295e+12   8.5971e+04
2.9410e+12   8.5929e+04
2.9526e+12   8.5886e+04
2.9642e+12   8.5844e+04
2.9759e+12   8.5802e+04
2.9876e+12   8.5759e+04
2.9994e+12   8.5717e+04
3.0113e+12   8.5675e+04
3.0231e+12   8.5632e+04
3.0351e+12   8.5590e+04
3.0471e+12   8.5548e+04
3.0591e+12   8.5505e+04
3.0712e+12   8.5463e+04
3.0833e+12   8.5421e+04
3.0955e+12   8.5378e+04
3.1078e+12   8.5336e+04
3.1201e+12   8.5294e+04
3.1324e+12   8.5251e+04
3.1448e+12   8.5209e+04
3.1573e+12   8.5166e+04
3.1698e+12   8.5124e+04
3.1823e+12   8.5082e+04
3.1950e+12   8.5039e+04
3.2076e+12   8.4997e+04
3.2203e+12   8.4955e+04
3.2331e+12   8.4912e+04
3.2460e+12   8.4870e+04
3.2588e+12   8.4828e+04
3.2718e+12   8.4785e+04
3.2848e+12   8.4743e+04
3.2978e+12   8.4701e+04
3.3110e+12   8.4658e+04
3.3241e+12   8.4616e+04
3.3373e+12   8.4574e+04
3.3506e+12   8.4531e+04
3.3640e+12   8.4489e+04
3.3773e+12   8.4447e+04
3.3908e+12   8.4404e+04
3.4043e+12   8.4362e+04
3.4179e+12   8.4320e+04
3.4315e+12   8.4277e+04
3.4452e+12   8.4235e+04
3.4589e+12   8.4193e+04
3.4727e+12   8.4150e+04
3.4866e+12   8.4108e+04
3.5005e+12   8.4066e+04
3.5145e+12   8.4024e+04
3.5285e+12   8.3981e+04
3.5426e+12   8.3939e+04
3.5568e+12   8.3897e+04
3.5710e+12   8.3854e+04
3.5853e+12   8.3812e+04
3.5997e+12   8.3770e+04
3.6141e+12   8.3727e+04
3.6285e+12   8.3685e+04
3.6431e+12   8.3643e+04
3.6577e+12   8.3600e+04
3.6723e+12   8.3558e+04
3.6871e+12   8.3516e+04
3.7018e+12   8.3473e+04
3.7167e+12   8.3431e+04
3.7316e+12   8.3389e+04
3.7466e+12   8.3346e+04
3.7616e+12   8.3304e+04
3.7767e+12   8.3262e+04
3.7919e+12   8.3219e+04
3.8072e+12   8.3177e+04
3.8225e+12   8.3135e+04
3.8378e+12   8.3092e+04
3.8533e+12   8.3050e+04
3.8688e+12   8.3008e+04
3.8844e+12   8.2965e+04
3.9000e+12   8.2923e+04
3.9157e+12   8.2881e+04
3.9315e+12   8.2838e+04
3.9473e+12   8.2796e+04
3.9633e+12   8.2754e+04
3.9793e+12   8.2711e+04
3.9953e+12   8.2669e+04
4.0114e+12   8.2627e+04
4.0276e+12   8.2584e+04
4.0439e+12   8.2542e+04
4.0602e+12   8.2500e+04
4.0766e+12   8.2457e+04
4.0931e+12   8.2415e+04
4.1097e+12   8.2373e+04
4.1263e+12   8.2331e+04
4.1430e+12   8.2288e+04
4.1598e+12   8.2246e+04
4.1766e+12   8.2204e+04
4.1935e+12   8.2161e+04
4.2105e+12   8.2119e+04
4.2276e+12   8.2077e+04
4.2447e+12   8.2034e+04
4.2619e+12   8.1992e+04
4.2792e+12   8.1950e+04
4.2966e+12   8.1907e+04
4.3140e+12   8.1865e+04
4.3315e+12   8.1823e+04
4.3491e+12   8.1780e+04
4.3668e+12   8.1738e+04
4.3846e+12   8.1696e+04
4.4024e+12   8.1653e+04
4.4203e+12   8.1611e+04
4.4383e+12   8.1569e+04
4.4563e+12   8.1527e+04
4.4745e+12   8.1484e+04
4.4927e+12   8.1442e+04
4.5110e+12   8.1400e+04
4.5294e+12   8.1357e+04
4.5478e+12   8.1315e+04
4.5664e+12   8.1273e+04
4.5850e+12   8.1230e+04
4.6037e+12   8.1188e+04
4.6225e+12   8.1146e+04
4.6414e+12   8.1103e+04
4.6603e+12   8.1061e+04
4.6794e+12   8.1019e+04
4.6985e+12   8.0976e+04
4.7177e+12   8.0934e+04
4.7370e+12   8.0892e+04
4.7564e+12   8.0850e+04
4.7758e+12   8.0807e+04
4.7954e+12   8.0765e+04
4.8150e+12   8.0723e+04
4.8348e+12   8.0680e+04
4.8546e+12   8.0638e+04
4.8745e+12   8.0596e+04
4.8944e+12   8.0553e+04
4.9145e+12   8.0511e+04
4.9347e+12   8.0469e+04
4.9549e+12   8.0426e+04
4.9753e+12   8.0384e+04
4.9957e+12   8.0342e+04
5.0162e+12   8.0300e+04
5.0368e+12   8.0257e+04
5.0575e+12   8.0215e+04
5.0783e+12   8.0173e+04
5.0992e+12   8.0130e+04
5.1202e+12   8.0088e+04
5.1413e+12   8.0046e+04
5.1625e+12   8.0003e+04
5.1837e+12   7.9961e+04
5.2051e+12   7.9919e+04
5.2265e+12   7.9876e+04
5.2481e+12   7.9834e+04
5.2697e+12   7.9792e+04
5.2915e+12   7.9750e+04
5.3133e+12   7.9707e+04
5.3352e+12   7.9665e+04
5.3573e+12   7.9623e+04
5.3794e+12   7.9580e+04
5.4016e+12   7.9538e+04
5.4239e+12   7.9496e+04
5.4464e+12   7.9453e+04
5.4689e+12   7.9411e+04
5.4915e+12   7.9369e+04
5.5143e+12   7.9327e+04
5.5371e+12   7.9284e+04
5.5600e+12   7.9242e+04
5.5830e+12   7.9200e+04
5.6062e+12   7.9157e+04
5.6294e+12   7.9115e+04
5.6528e+12   7.9073e+04
5.6762e+12   7.9030e+04
5.6998e+12   7.8988e+04
5.7234e+12   7.8946e+04
5.7472e+12   7.8904e+04
5.7711e+12   7.8861e+04
5.7950e+12   7.8819e+04
5.8191e+12   7.8777e+04
5.8433e+12   7.8734e+04
5.8676e+12   7.8692e+04
5.8920e+12   7.8650e+04
5.9166e+12   7.8607e+04
5.9412e+12   7.8565e+04
5.9659e+12   7.8523e+04
5.9908e+12   7.8481e+04
6.0158e+12   7.8438e+04
6.0408e+12   7.8396e+04
6.0660e+12   7.8354e+04
6.0913e+12   7.8311e+04
6.1167e+12   7.8269e+04
6.1423e+12   7.8227e+04
6.1679e+12   7.8185e+04
6.1937e+12   7.8142e+04
6.2196e+12   7.8100e+04
6.2456e+12   7.8058e+04
6.2717e+12   7.8015e+04
6.2979e+12   7.7973e+04
6.3243e+12   7.7931e+04
6.3507e+12   7.7888e+04
6.3773e+12   7.7846e+04
6.4040e+12   7.7804e+04
6.4308e+12   7.7762e+04
6.4578e+12   7.7719e+04
6.4849e+12   7.7677e+04
6.5121e+12   7.7635e+04
6.5394e+12   7.7592e+04
6.5668e+12   7.7550e+04
6.5944e+12   7.7508e+04
6.6221e+12   7.7466e+04
6.6499e+12   7.7423e+04
6.6778e+12   7.7381e+04
6.7059e+12   7.7339e+04
6.7341e+12   7.7296e+04
6.7624e+12   7.7254e+04
6.7909e+12   7.7212e+04
6.8195e+12   7.7170e+04
6.8482e+12   7.7127e+04
6.8770e+12   7.7085e+04
6.9060e+12   7.7043e+04
6.9351e+12   7.7000e+04
6.9643e+12   7.6958e+04
6.9937e+12   7.6916e+04
7.0232e+12   7.6874e+04
7.0528e+12   7.6831e+04
7.0826e+12   7.6789e+04
7.1125e+12   7.6747e+04
7.1425e+12   7.6704e+04
7.1727e+12   7.6662e+04
7.2030e+12   7.6620e+04
7.2335e+12   7.6578e+04
7.2641e+12   7.6535e+04
7.2948e+12   7.6493e+04
7.3257e+12   7.6451e+04
7.3567e+12   7.6408e+04
7.3879e+12   7.6366e+04
7.4192e+12   7.6324e+04
7.4506e+12   7.6282e+04
7.4822e+12   7.6239e+04
7.5140e+12   7.6197e+04
7.5458e+12   7.6155e+04
7.5779e+12   7.6112e+04
7.6100e+12   7.6070e+04
7.6423e+12   7.6028e+04
7.6748e+12   7.5986e+04
7.7074e+12   7.5943e+04
7.7402e+12   7.5901e+04
7.7731e+12   7.5859e+04
7.8062e+12   7.5816e+04
7.8394e+12   7.5774e+04
7.8728e+12   7.5732e+04
7.9063e+12   7.5690e+04
7.9400e+12   7.5647e+04
7.9738e+12   7.5605e+04
8.0078e+12   7.5563e+04
8.0419e+12   7.5521e+04
8.0762e+12   7.5478e+04
8.1107e+12   7.5436e+04
8.1453e+12   7.5394e+04
8.1801e+12   7.5351e+04
8.2150e+12   7.5309e+04
8.2501e+12   7.5267e+04
8.2854e+12   7.5225e+04
8.3208e+12   7.5182e+04
8.3564e+12   7.5140e+04
8.3921e+12   7.5098e+04
8.4280e+12   7.5055e+04
8.4641e+12   7.5013e+04
8.5004e+12   7.4971e+04
8.5368e+12   7.4929e+04
8.5734e+12   7.4886e+04
8.6101e+12   7.4844e+04
8.6470e+12   7.4802e+04
8.6841e+12   7.4760e+04
8.7214e+12   7.4717e+04
8.7588e+12   7.4675e+04
8.7964e+12   7.4633e+04
8.8342e+12   7.4590e+04
8.8722e+12   7.4548e+04
8.9103e+12   7.4506e+04
8.9486e+12   7.4464e+04
8.9871e+12   7.4421e+04
9.0258e+12   7.4379e+04
9.0646e+12   7.4337e+04
9.1037e+12   7.4295e+04
9.1429e+12   7.4252e+04
9.1823e+12   7.4210e+04
9.2218e+12   7.4168e+04
9.2616e+12   7.4126e+04
9.3015e+12   7.4083e+04
9.3417e+12   7.4041e+04
9.3820e+12   7.3999e+04
9.4225e+12   7.3956e+04
9.4632e+12   7.3914e+04
9.5041e+12   7.3872e+04
9.5452e+12   7.3830e+04
9.5864e+12   7.3787e+04
9.6279e+12   7.3745e+04
9.6695e+12   7.3703e+04
9.7114e+12   7.3661e+04
9.7534e+12   7.3618e+04
9.7957e+12   7.3576e+04
9.8381e+12   7.3534e+04
9.8807e+12   7.3492e+04
9.9236e+12   7.3449e+04
9.9666e+12   7.3407e+04
1.0010e+13   7.3365e+04
1.0053e+13   7.3322e+04
1.0097e+13   7.3280e+04
1.0141e+13   7.3238e+04
1.0185e+13   7.3196e+04
1.0229e+13   7.3153e+04
1.0274e+13   7.3111e+04
1.0318e+13   7.3069e+04
1.0363e+13   7.3027e+04
1.0408e+13   7.2984e+04
1.0453e+13   7.2942e+04
1.0499e+13   7.2900e+04
1.0545e+13   7.2858e+04
1.0591e+13   7.2815e+04
1.0637e+13   7.2773e+04
1.0683e+13   7.2731e+04
1.0730e+13   7.2689e+04
1.0777e+13   7.2646e+04
1.0824e+13   7.2604e+04
1.0871e+13   7.2562e+04
1.0918e+13   7.2519e+04
1.0966e+13   7.2477e+04
1.1014e+13   7.2435e+04
1.1062e+13   7.2393e+04
1.1111e+13   7.2350e+04
1.1159e+13   7.2308e+04
1.1208e+13   7.2266e+04
1.1257e+13   7.2224e+04
1.1306e+13   7.2181e+04
1.1356e+13   7.2139e+04
1.1406e+13   7.2097e+04
1.1456e+13   7.2055e+04
1.1506e+13   7.2012e+04
1.1556e+13   7.1970e+04
1.1607e+13   7.1928e+04
1.1658e+13   7.1886e+04
1.1709e+13   7.1843e+04
1.1761e+13   7.1801e+04
1.1812e+13   7.1759e+04
1.1864e+13   7.1717e+04
1.1917e+13   7.1674e+04
1.1969e+13   7.1632e+04
1.2022e+13   7.1590e+04
1.2075e+13   7.1548e+04
1.2128e+13   7.1505e+04
1.2181e+13   7.1463e+04
1.2235e+13   7.1421e+04
1.2289e+13   7.1379e+04
1.2343e+13   7.1336e+04
1.2397e+13   7.1294e+04
1.2452e+13   7.1252e+04
1.2507e+13   7.1210e+04
1.2562e+13   7.1167e+04
1.2618e+13   7.1125e+04
1.2674e+13   7.1083e+04
1.2730e+13   7.1041e+04
1.2786e+13   7.0998e+04
1.2842e+13   7.0956e+04
1.2899e+13   7.0914e+04
1.2956e+13   7.0872e+04
1.3014e+13   7.0829e+04
1.3071e+13   7.0787e+04
1.3129e+13   7.0745e+04
1.3188e+13   7.0703e+04
1.3246e+13   7.0660e+04
1.3305e+13   7.0618e+04
1.3364e+13   7.0576e+04
1.3423e+13   7.0534e+04
1.3483e+13   7.0491e+04
1.3543e+13   7.0449e+04
1.3603e+13   7.0407e+04
1.3663e+13   7.0365e+04
1.3724e+13   7.0322e+04
1.3785e+13   7.0280e+04
1.3846e+13   7.0238e+04
1.3908e+13   7.0196e+04
1.3970e+13   7.0153e+04
1.4032e+13   7.0111e+04
1.4095e+13   7.0069e+04
1.4158e+13   7.0027e+04
1.4221e+13   6.9984e+04
1.4284e+13   6.9942e+04
1.4348e+13   6.9900e+04
1.4412e+13   6.9858e+04
1.4476e+13   6.9815e+04
1.4541e+13   6.9773e+04
1.4606e+13   6.9731e+04
1.4671e+13   6.9689e+04
1.4737e+13   6.9646e+04
1.4803e+13   6.9604e+04
1.4869e+13   6.9562e+04
1.4936e+13   6.9520e+04
1.5003e+13   6.9478e+04
1.5070e+13   6.9435e+04
1.5137e+13   6.9393e+04
1.5205e+13   6.9351e+04
1.5273e+13   6.9309e+04
1.5342e+13   6.9266e+04
1.5411e+13   6.9224e+04
1.5480e+13   6.9182e+04
1.5549e+13   6.9140e+04
1.5619e+13   6.9097e+04
1.5689e+13   6.9055e+04
1.5760e+13   6.9013e+04
1.5831e+13   6.8971e+04
1.5902e+13   6.8928e+04
1.5974e+13   6.8886e+04
1.6045e+13   6.8844e+04
1.6118e+13   6.8802e+04
1.6190e+13   6.8759e+04
1.6263e+13   6.8717e+04
1.6337e+13   6.8675e+04
1.6410e+13   6.8633e+04
1.6484e+13   6.8591e+04
1.6559e+13   6.8548e+04
1.6633e+13   6.8506e+04
1.6709e+13   6.8464e+04
1.6784e+13   6.8422e+04
1.6860e+13   6.8379e+04
1.6936e+13   6.8337e+04
1.7013e+13   6.8295e+04
1.7090e+13   6.8253e+04
1.7167e+13   6.8210e+04
1.7245e+13   6.8168e+04
1.7323e+13   6.8126e+04
1.7401e+13   6.8084e+04
1.7480e+13   6.8042e+04
1.7559e+13   6.7999e+04
1.7639e+13   6.7957e+04
1.7719e+13   6.7915e+04
1.7800e+13   6.7873e+04
1.7880e+13   6.7830e+04
1.7962e+13   6.7788e+04
1.8043e+13   6.7746e+04
1.8125e+13   6.7704e+04
1.8208e+13   6.7661e+04
1.8290e+13   6.7619e+04
1.8374e+13   6.7577e+04
1.8457e+13   6.7535e+04
1.8541e+13   6.7493e+04
1.8626e+13   6.7450e+04
1.8711e+13   6.7408e+04
1.8796e+13   6.7366e+04
1.8882e+13   6.7324e+04
1.8968e+13   6.7281e+04
1.9054e+13   6.7239e+04
1.9141e+13   6.7197e+04
1.9229e+13   6.7155e+04
1.9316e+13   6.7112e+04
1.9405e+13   6.7070e+04
1.9493e+13   6.7028e+04
1.9582e+13   6.6986e+04
1.9672e+13   6.6944e+04
1.9762e+13   6.6901e+04
1.9853e+13   6.6859e+04
1.9943e+13   6.6817e+04
2.0035e+13   6.6775e+04
2.0127e+13   6.6732e+04
2.0219e+13   6.6690e+04
2.0312e+13   6.6648e+04
2.0405e+13   6.6606e+04
2.0498e+13   6.6564e+04
2.0592e+13   6.6521e+04
2.0687e+13   6.6479e+04
2.0782e+13   6.6437e+04
2.0878e+13   6.6395e+04
2.0974e+13   6.6352e+04
2.1070e+13   6.6310e+04
2.1167e+13   6.6268e+04
2.1264e+13   6.6226e+04
2.1362e+13   6.6184e+04
2.1461e+13   6.6141e+04
2.1559e+13   6.6099e+04
2.1659e+13   6.6057e+04
2.1759e+13   6.6015e+04
2.1859e+13   6.5972e+04
2.1960e+13   6.5930e+04
2.2061e+13   6.5888e+04
2.2163e+13   6.5846e+04
2.2265e+13   6.5804e+04
2.2368e+13   6.5761e+04
2.2472e+13   6.5719e+04
2.2576e+13   6.5677e+04
2.2680e+13   6.5635e+04
2.2785e+13   6.5593e+04
2.2890e+13   6.5550e+04
2.2996e+13   6.5508e+04
2.3103e+13   6.5466e+04
2.3210e+13   6.5424e+04
2.3318e+13   6.5381e+04
2.3426e+13   6.5339e+04
2.3534e+13   6.5297e+04
2.3644e+13   6.5255e+04
2.3753e+13   6.5213e+04
2.3864e+13   6.5170e+04
2.3974e+13   6.5128e+04
2.4086e+13   6.5086e+04
2.4198e+13   6.5044e+04
2.4310e+13   6.5002e+04
2.4423e+13   6.4959e+04
2.4537e+13   6.4917e+04
2.4651e+13   6.4875e+04
2.4766e+13   6.4833e+04
2.4882e+13   6.4790e+04
2.4997e+13   6.4748e+04
2.5114e+13   6.4706e+04
2.5231e+13   6.4664e+04
2.5349e+13   6.4622e+04
2.5467e+13   6.4579e+04
2.5586e+13   6.4537e+04
2.5706e+13   6.4495e+04
2.5826e+13   6.4453e+04
2.5946e+13   6.4411e+04
2.6068e+13   6.4368e+04
2.6190e+13   6.4326e+04
2.6312e+13   6.4284e+04
2.6435e+13   6.4242e+04
2.6559e+13   6.4200e+04
2.6684e+13   6.4157e+04
2.6809e+13   6.4115e+04
2.6934e+13   6.4073e+04
2.7061e+13   6.4031e+04
2.7187e+13   6.3989e+04
2.7315e+13   6.3946e+04
2.7443e+13   6.3904e+04
2.7572e+13   6.3862e+04
2.7702e+13   6.3820e+04
2.7832e+13   6.3777e+04
2.7963e+13   6.3735e+04
2.8094e+13   6.3693e+04
2.8226e+13   6.3651e+04
2.8359e+13   6.3609e+04
2.8493e+13   6.3566e+04
2.8627e+13   6.3524e+04
2.8762e+13   6.3482e+04
2.8897e+13   6.3440e+04
2.9034e+13   6.3398e+04
2.9171e+13   6.3355e+04
2.9308e+13   6.3313e+04
2.9447e+13   6.3271e+04
2.9586e+13   6.3229e+04
2.9725e+13   6.3187e+04
2.9866e+13   6.3144e+04
3.0007e+13   6.3102e+04
3.0149e+13   6.3060e+04
3.0291e+13   6.3018e+04
3.0435e+13   6.2976e+04
3.0579e+13   6.2933e+04
3.0724e+13   6.2891e+04
3.0869e+13   6.2849e+04
3.1016e+13   6.2807e+04
3.1163e+13   6.2765e+04
3.1310e+13   6.2722e+04
3.1459e+13   6.2680e+04
3.1608e+13   6.2638e+04
3.1758e+13   6.2596e+04
3.1909e+13   6.2554e+04
3.2061e+13   6.2511e+04
3.2213e+13   6.2469e+04
3.2366e+13   6.2427e+04
3.2520e+13   6.2385e+04
3.2675e+13   6.2343e+04
3.2831e+13   6.2300e+04
3.2987e+13   6.2258e+04
3.3144e+13   6.2216e+04
3.3302e+13   6.2174e+04
3.3461e+13   6.2132e+04
3.3620e+13   6.2090e+04
3.3781e+13   6.2047e+04
3.3942e+13   6.2005e+04
3.4104e+13   6.1963e+04
3.4267e+13   6.1921e+04
3.4431e+13   6.1879e+04
3.4595e+13   6.1836e+04
3.4761e+13   6.1794e+04
3.4927e+13   6.1752e+04
3.5094e+13   6.1710e+04
3.5262e+13   6.1668e+04
3.5431e+13   6.1625e+04
3.5600e+13   6.1583e+04
3.5771e+13   6.1541e+04
3.5943e+13   6.1499e+04
3.6115e+13   6.1457e+04
3.6288e+13   6.1414e+04
3.6462e+13   6.1372e+04
3.6637e+13   6.1330e+04
3.6813e+13   6.1288e+04
3.6990e+13   6.1246e+04
3.7168e+13   6.1203e+04
3.7347e+13   6.1161e+04
3.7526e+13   6.1119e+04
3.7707e+13   6.1077e+04
3.7888e+13   6.1035e+04
3.8071e+13   6.0993e+04
3.8254e+13   6.0950e+04
3.8438e+13   6.0908e+04
3.8624e+13   6.0866e+04
3.8810e+13   6.0824e+04
3.8997e+13   6.0782e+04
3.9185e+13   6.0739e+04
3.9374e+13   6.0697e+04
3.9565e+13   6.0655e+04
3.9756e+13   6.0613e+04
3.9948e+13   6.0571e+04
4.0141e+13   6.0529e+04
4.0335e+13   6.0486e+04
4.0530e+13   6.0444e+04
4.0726e+13   6.0402e+04
4.0924e+13   6.0360e+04
4.1122e+13   6.0318e+04
4.1321e+13   6.0275e+04
4.1521e+13   6.0233e+04
4.1723e+13   6.0191e+04
4.1925e+13   6.0149e+04
4.2129e+13   6.0107e+04
4.2333e+13   6.0064e+04
4.2539e+13   6.0022e+04
4.2745e+13   5.9980e+04
4.2953e+13   5.9938e+04
4.3162e+13   5.9896e+04
4.3372e+13   5.9854e+04
4.3583e+13   5.9811e+04
4.3795e+13   5.9769e+04
4.4008e+13   5.9727e+04
4.4223e+13   5.9685e+04
4.4438e+13   5.9643e+04
4.4655e+13   5.9601e+04
4.4872e+13   5.9558e+04
4.5091e+13   5.9516e+04
4.5311e+13   5.9474e+04
4.5532e+13   5.9432e+04
4.5755e+13   5.9390e+04
4.5978e+13   5.9347e+04
4.6203e+13   5.9305e+04
4.6429e+13   5.9263e+04
4.6656e+13   5.9221e+04
4.6884e+13   5.9179e+04
4.7114e+13   5.9137e+04
4.7344e+13   5.9094e+04
4.7576e+13   5.9052e+04
4.7809e+13   5.9010e+04
4.8044e+13   5.8968e+04
4.8279e+13   5.8926e+04
4.8516e+13   5.8884e+04
4.8754e+13   5.8841e+04
4.8994e+13   5.8799e+04
4.9234e+13   5.8757e+04
4.9476e+13   5.8715e+04
4.9719e+13   5.8673e+04
4.9964e+13   5.8630e+04
5.0209e+13   5.8588e+04
5.0456e+13   5.8546e+04
5.0705e+13   5.8504e+04
5.0955e+13   5.8462e+04
5.1205e+13   5.8420e+04
5.1458e+13   5.8377e+04
5.1711e+13   5.8335e+04
5.1966e+13   5.8293e+04
5.2223e+13   5.8251e+04
5.2481e+13   5.8209e+04
5.2740e+13   5.8167e+04
5.3000e+13   5.8124e+04
5.3262e+13   5.8082e+04
5.3525e+13   5.8040e+04
5.3790e+13   5.7998e+04
5.4056e+13   5.7956e+04
5.4323e+13   5.7914e+04
5.4592e+13   5.7871e+04
5.4863e+13   5.7829e+04
5.5134e+13   5.7787e+04
5.5408e+13   5.7745e+04
5.5682e+13   5.7703e+04
5.5958e+13   5.7661e+04
5.6236e+13   5.7618e+04
5.6515e+13   5.7576e+04
5.6796e+13   5.7534e+04
5.7078e+13   5.7492e+04
5.7361e+13   5.7450e+04
5.7646e+13   5.7408e+04
5.7933e+13   5.7365e+04
5.8221e+13   5.7323e+04
5.8511e+13   5.7281e+04
5.8802e+13   5.7239e+04
5.9095e+13   5.7197e+04
5.9389e+13   5.7155e+04
5.9685e+13   5.7112e+04
5.9983e+13   5.7070e+04
6.0282e+13   5.7028e+04
6.0583e+13   5.6986e+04
6.0885e+13   5.6944e+04
6.1189e+13   5.6902e+04
6.1495e+13   5.6859e+04
6.1802e+13   5.6817e+04
6.2111e+13   5.6775e+04
6.2422e+13   5.6733e+04
6.2734e+13   5.6691e+04
6.3048e+13   5.6649e+04
6.3363e+13   5.6606e+04
6.3681e+13   5.6564e+04
6.4000e+13   5.6522e+04
6.4321e+13   5.6480e+04
6.4643e+13   5.6438e+04
6.4967e+13   5.6396e+04
6.5293e+13   5.6354e+04
6.5621e+13   5.6311e+04
6.5951e+13   5.6269e+04
6.6282e+13   5.6227e+04
6.6615e+13   5.6185e+04
6.6950e+13   5.6143e+04
6.7286e+13   5.6101e+04
6.7625e+13   5.6058e+04
6.7965e+13   5.6016e+04
6.8307e+13   5.5974e+04
6.8652e+13   5.5932e+04
6.8997e+13   5.5890e+04
6.9345e+13   5.5848e+04
6.9695e+13   5.5806e+04
7.0046e+13   5.5763e+04
7.0400e+13   5.5721e+04
1.4684e+14   5.5679e+04
1.4786e+14   5.5637e+04
1.4861e+14   5.5595e+04
1.4936e+14   5.5553e+04
1.5011e+14   5.5510e+04
1.5087e+14   5.5468e+04
1.5163e+14   5.5426e+04
1.5240e+14   5.5384e+04
1.5317e+14   5.5342e+04
1.5394e+14   5.5300e+04
1.5472e+14   5.5258e+04
1.5550e+14   5.5215e+04
1.5629e+14   5.5173e+04
1.5708e+14   5.5131e+04
1.5787e+14   5.5089e+04
1.5867e+14   5.5047e+04
1.5948e+14   5.5005e+04
1.6029e+14   5.4962e+04
1.6110e+14   5.4920e+04
1.6192e+14   5.4878e+04
1.6274e+14   5.4836e+04
1.6356e+14   5.4794e+04
1.6439e+14   5.4752e+04
1.6523e+14   5.4710e+04
1.6607e+14   5.4667e+04
1.6691e+14   5.4625e+04
1.6776e+14   5.4583e+04
1.6861e+14   5.4541e+04
1.6947e+14   5.4499e+04
1.7034e+14   5.4457e+04
1.7120e+14   5.4415e+04
1.7208e+14   5.4372e+04
1.7295e+14   5.4330e+04
1.7383e+14   5.4288e+04
1.2119e+14   5.4246e+04
1.2181e+14   5.4204e+04
1.2243e+14   5.4162e+04
1.2305e+14   5.4120e+04
1.2368e+14   5.4077e+04
1.2431e+14   5.4035e+04
1.2495e+14   5.3993e+04
1.2559e+14   5.3951e+04
1.2623e+14   5.3909e+04
1.2688e+14   5.3867e+04
1.2753e+14   5.3825e+04
1.2818e+14   5.3782e+04
1.2884e+14   5.3740e+04
1.2950e+14   5.3698e+04
1.3016e+14   5.3656e+04
1.3083e+14   5.3614e+04
1.3150e+14   5.3572e+04
1.3217e+14   5.3530e+04
1.3285e+14   5.3487e+04
1.3353e+14   5.3445e+04
1.3422e+14   5.3403e+04
1.3491e+14   5.3361e+04
1.3560e+14   5.3319e+04
1.3630e+14   5.3277e+04
1.3700e+14   5.3235e+04
1.3771e+14   5.3192e+04
1.3842e+14   5.3150e+04
1.3913e+14   5.3108e+04
1.3985e+14   5.3066e+04
1.4057e+14   5.3024e+04
1.4129e+14   5.2982e+04
1.4202e+14   5.2940e+04
1.4275e+14   5.2897e+04
1.4349e+14   5.2855e+04
1.4423e+14   5.2813e+04
1.4498e+14   5.2771e+04
1.4573e+14   5.2729e+04
1.4648e+14   5.2687e+04
1.4724e+14   5.2645e+04
1.4800e+14   5.2603e+04
1.4876e+14   5.2560e+04
1.4954e+14   5.2518e+04
1.5031e+14   5.2476e+04
1.5109e+14   5.2434e+04
1.5187e+14   5.2392e+04
1.5266e+14   5.2350e+04
1.5345e+14   5.2308e+04
1.5425e+14   5.2265e+04
1.5505e+14   5.2223e+04
1.5585e+14   5.2181e+04
1.5666e+14   5.2139e+04
1.5748e+14   5.2097e+04
1.5829e+14   5.2055e+04
1.5912e+14   5.2013e+04
1.5995e+14   5.1971e+04
1.6078e+14   5.1928e+04
1.6161e+14   5.1886e+04
1.6246e+14   5.1844e+04
1.6330e+14   5.1802e+04
1.6415e+14   5.1760e+04
1.6501e+14   5.1718e+04
1.6587e+14   5.1676e+04
1.6674e+14   5.1634e+04
1.6761e+14   5.1591e+04
1.6848e+14   5.1549e+04
1.6936e+14   5.1507e+04
1.7025e+14   5.1465e+04
1.7113e+14   5.1423e+04
1.7203e+14   5.1381e+04
1.7293e+14   5.1339e+04
1.7383e+14   5.1296e+04
1.7474e+14   5.1254e+04
1.7566e+14   5.1212e+04
1.7658e+14   5.1170e+04
1.7750e+14   5.1128e+04
1.7843e+14   5.1086e+04
1.7937e+14   5.1044e+04
1.8031e+14   5.1002e+04
1.8126e+14   5.0959e+04
1.8221e+14   5.0917e+04
1.8317e+14   5.0875e+04
1.8413e+14   5.0833e+04
1.8509e+14   5.0791e+04
1.8607e+14   5.0749e+04
1.8705e+14   5.0707e+04
1.8803e+14   5.0665e+04
1.8902e+14   5.0623e+04
1.9001e+14   5.0580e+04
1.9102e+14   5.0538e+04
1.9202e+14   5.0496e+04
1.9303e+14   5.0454e+04
1.9405e+14   5.0412e+04
1.9507e+14   5.0370e+04
1.9610e+14   5.0328e+04
1.9714e+14   5.0286e+04
1.9818e+14   5.0243e+04
1.9923e+14   5.0201e+04
2.0028e+14   5.0159e+04
2.0134e+14   5.0117e+04
2.0240e+14   5.0075e+04
2.0347e+14   5.0033e+04
2.0455e+14   4.9991e+04
2.0563e+14   4.9949e+04
2.0672e+14   4.9906e+04
2.0781e+14   4.9864e+04
2.0891e+14   4.9822e+04
2.1002e+14   4.9780e+04
2.1114e+14   4.9738e+04
2.1226e+14   4.9696e+04
2.1338e+14   4.9654e+04
2.1451e+14   4.9612e+04
2.1565e+14   4.9570e+04
2.1680e+14   4.9527e+04
2.1795e+14   4.9485e+04
2.1911e+14   4.9443e+04
2.2027e+14   4.9401e+04
2.2144e+14   4.9359e+04
2.2262e+14   4.9317e+04
2.2381e+14   4.9275e+04
2.2500e+14   4.9233e+04
2.2620e+14   4.9191e+04
2.2740e+14   4.9148e+04
2.2862e+14   4.9106e+04
2.2983e+14   4.9064e+04
2.3106e+14   4.9022e+04
2.3229e+14   4.8980e+04
2.3353e+14   4.8938e+04
2.3478e+14   4.8896e+04
2.3603e+14   4.8854e+04
2.3729e+14   4.8812e+04
2.3856e+14   4.8769e+04
2.3984e+14   4.8727e+04
2.4112e+14   4.8685e+04
2.4241e+14   4.8643e+04
2.4371e+14   4.8601e+04
2.4501e+14   4.8559e+04
2.4633e+14   4.8517e+04
2.4765e+14   4.8475e+04
2.4897e+14   4.8433e+04
2.5031e+14   4.8390e+04
2.5165e+14   4.8348e+04
2.5300e+14   4.8306e+04
2.5436e+14   4.8264e+04
2.5572e+14   4.8222e+04
2.5710e+14   4.8180e+04
2.5848e+14   4.8138e+04
2.5987e+14   4.8096e+04
2.6126e+14   4.8054e+04
2.6267e+14   4.8012e+04
2.6408e+14   4.7969e+04
2.6550e+14   4.7927e+04
2.6693e+14   4.7885e+04
2.6837e+14   4.7843e+04
2.6982e+14   4.7801e+04
2.7127e+14   4.7759e+04
2.7273e+14   4.7717e+04
2.7420e+14   4.7675e+04
2.7568e+14   4.7633e+04
2.7717e+14   4.7590e+04
2.7867e+14   4.7548e+04
2.8017e+14   4.7506e+04
2.8169e+14   4.7464e+04
2.8321e+14   4.7422e+04
2.8474e+14   4.7380e+04
2.8628e+14   4.7338e+04
2.8783e+14   4.7296e+04
2.8939e+14   4.7254e+04
2.9095e+14   4.7212e+04
2.9253e+14   4.7169e+04
2.9411e+14   4.7127e+04
2.9571e+14   4.7085e+04
2.9731e+14   4.7043e+04
2.9892e+14   4.7001e+04
3.0054e+14   4.6959e+04
3.0217e+14   4.6917e+04
3.0381e+14   4.6875e+04
3.0546e+14   4.6833e+04
3.0712e+14   4.6791e+04
3.0879e+14   4.6749e+04
3.1047e+14   4.6706e+04
3.1216e+14   4.6664e+04
3.1385e+14   4.6622e+04
3.1556e+14   4.6580e+04
3.1728e+14   4.6538e+04
3.1901e+14   4.6496e+04
3.2074e+14   4.6454e+04
3.2249e+14   4.6412e+04
3.2425e+14   4.6370e+04
3.2601e+14   4.6328e+04
3.2779e+14   4.6285e+04
3.2958e+14   4.6243e+04
3.3138e+14   4.6201e+04
3.3319e+14   4.6159e+04
3.3501e+14   4.6117e+04
3.3684e+14   4.6075e+04
3.3868e+14   4.6033e+04
3.4053e+14   4.5991e+04
3.4239e+14   4.5949e+04
3.4426e+14   4.5907e+04
3.4614e+14   4.5865e+04
3.4804e+14   4.5822e+04
3.4994e+14   4.5780e+04
3.5186e+14   4.5738e+04
3.5379e+14   4.5696e+04
3.5573e+14   4.5654e+04
3.5768e+14   4.5612e+04
3.5964e+14   4.5570e+04
3.6161e+14   4.5528e+04
3.6359e+14   4.5486e+04
3.6559e+14   4.5444e+04
3.6760e+14   4.5402e+04
3.6961e+14   4.5360e+04
3.7164e+14   4.5317e+04
3.7369e+14   4.5275e+04
3.7574e+14   4.5233e+04
3.7781e+14   4.5191e+04
3.7988e+14   4.5149e+04
3.8197e+14   4.5107e+04
3.8408e+14   4.5065e+04
3.8619e+14   4.5023e+04
3.8832e+14   4.4981e+04
3.9046e+14   4.4939e+04
3.9261e+14   4.4897e+04
3.9477e+14   4.4855e+04
3.9695e+14   4.4812e+04
3.9914e+14   4.4770e+04
4.0134e+14   4.4728e+04
4.0356e+14   4.4686e+04
4.0578e+14   4.4644e+04
4.0802e+14   4.4602e+04
4.1028e+14   4.4560e+04
4.1254e+14   4.4518e+04
4.1482e+14   4.4476e+04
4.1712e+14   4.4434e+04
4.1943e+14   4.4392e+04
4.2175e+14   4.4350e+04
4.2408e+14   4.4307e+04
4.2643e+14   4.4265e+04
4.2879e+14   4.4223e+04
4.3116e+14   4.4181e+04
4.3355e+14   4.4139e+04
4.3595e+14   4.4097e+04
4.3837e+14   4.4055e+04
4.4080e+14   4.4013e+04
4.4325e+14   4.3971e+04
4.4571e+14   4.3929e+04
4.4818e+14   4.3887e+04
4.5067e+14   4.3845e+04
4.5317e+14   4.3803e+04
4.5569e+14   4.3760e+04
4.5822e+14   4.3718e+04
4.6077e+14   4.3676e+04
4.6333e+14   4.3634e+04
4.6591e+14   4.3592e+04
4.6850e+14   4.3550e+04
4.7111e+14   4.3508e+04
4.7373e+14   4.3466e+04
4.7637e+14   4.3424e+04
4.7902e+14   4.3382e+04
4.8169e+14   4.3340e+04
4.8437e+14   4.3298e+04
4.8707e+14   4.3256e+04
4.8979e+14   4.3214e+04
4.9252e+14   4.3171e+04
4.9527e+14   4.3129e+04
4.9803e+14   4.3087e+04
5.0081e+14   4.3045e+04
5.0361e+14   4.3003e+04
5.0642e+14   4.2961e+04
5.0925e+14   4.2919e+04
5.1209e+14   4.2877e+04
5.1496e+14   4.2835e+04
5.1784e+14   4.2793e+04
5.2073e+14   4.2751e+04
5.2364e+14   4.2709e+04
5.2657e+14   4.2667e+04
5.2952e+14   4.2625e+04
5.3249e+14   4.2582e+04
5.3547e+14   4.2540e+04
5.3847e+14   4.2498e+04
5.4148e+14   4.2456e+04
5.4452e+14   4.2414e+04
5.4757e+14   4.2372e+04
5.5064e+14   4.2330e+04
5.5373e+14   4.2288e+04
5.5684e+14   4.2246e+04
5.5996e+14   4.2204e+04
5.6310e+14   4.2162e+04
5.6627e+14   4.2120e+04
5.6945e+14   4.2078e+04
5.7264e+14   4.2036e+04
5.7586e+14   4.1994e+04
5.7910e+14   4.1952e+04
5.8235e+14   4.1909e+04
5.8563e+14   4.1867e+04
5.8892e+14   4.1825e+04
5.9223e+14   4.1783e+04
5.9557e+14   4.1741e+04
5.9892e+14   4.1699e+04
6.0229e+14   4.1657e+04
6.0568e+14   4.1615e+04
6.0909e+14   4.1573e+04
6.1253e+14   4.1531e+04
6.1598e+14   4.1489e+04
6.1945e+14   4.1447e+04
6.2294e+14   4.1405e+04
6.2645e+14   4.1363e+04
6.2999e+14   4.1321e+04
6.3354e+14   4.1279e+04
6.3712e+14   4.1237e+04
6.4071e+14   4.1194e+04
6.4433e+14   4.1152e+04
6.4797e+14   4.1110e+04
6.5163e+14   4.1068e+04
6.5531e+14   4.1026e+04
6.5901e+14   4.0984e+04
6.6274e+14   4.0942e+04
6.6648e+14   4.0900e+04
6.7025e+14   4.0858e+04
6.7404e+14   4.0816e+04
6.7785e+14   4.0774e+04
6.8169e+14   4.0732e+04
6.8555e+14   4.0690e+04
6.8943e+14   4.0648e+04
6.9333e+14   4.0606e+04
6.9726e+14   4.0564e+04
7.0121e+14   4.0522e+04
7.0518e+14   4.0480e+04
7.0917e+14   4.0437e+04
7.1319e+14   4.0395e+04
7.1724e+14   4.0353e+04
7.2130e+14   4.0311e+04
7.2539e+14   4.0269e+04
7.2951e+14   4.0227e+04
7.3364e+14   4.0185e+04
7.3781e+14   4.0143e+04
7.4199e+14   4.0101e+04
7.4621e+14   4.0059e+04
7.5044e+14   4.0017e+04
7.5470e+14   3.9975e+04
7.5899e+14   3.9933e+04
7.6330e+14   3.9891e+04
7.6764e+14   3.9849e+04
7.7200e+14   3.9807e+04
7.7638e+14   3.9765e+04
7.8080e+14   3.9723e+04
7.8524e+14   3.9681e+04
7.8970e+14   3.9639e+04
7.9419e+14   3.9597e+04
7.9871e+14   3.9554e+04
8.0325e+14   3.9512e+04
8.0782e+14   3.9470e+04
8.1242e+14   3.9428e+04
8.1705e+14   3.9386e+04
8.2170e+14   3.9344e+04
8.2637e+14   3.9302e+04
8.3108e+14   3.9260e+04
8.3581e+14   3.9218e+04
8.4057e+14   3.9176e+04
8.4536e+14   3.9134e+04
8.5018e+14   3.9092e+04
8.5502e+14   3.9050e+04
8.5990e+14   3.9008e+04
8.6480e+14   3.8966e+04
8.6973e+14   3.8924e+04
8.7469e+14   3.8882e+04
8.7968e+14   3.8840e+04
8.8469e+14   3.8798e+04
8.8974e+14   3.8756e+04
8.9481e+14   3.8714e+04
8.9992e+14   3.8672e+04
9.0506e+14   3.8630e+04
9.1022e+14   3.8588e+04
9.1542e+14   3.8546e+04
9.2064e+14   3.8503e+04
9.2590e+14   3.8461e+04
9.3118e+14   3.8419e+04
9.3650e+14   3.8377e+04
9.4185e+14   3.8335e+04
9.4723e+14   3.8293e+04
9.5264e+14   3.8251e+04
9.5808e+14   3.8209e+04
9.6355e+14   3.8167e+04
9.6906e+14   3.8125e+04
9.7460e+14   3.8083e+04
9.8016e+14   3.8041e+04
9.8577e+14   3.7999e+04
9.9140e+14   3.7957e+04
9.9707e+14   3.7915e+04
1.0028e+15   3.7873e+04
1.0085e+15   3.7831e+04
1.0143e+15   3.7789e+04
1.0201e+15   3.7747e+04
1.0259e+15   3.7705e+04
1.0318e+15   3.7663e+04
1.0377e+15   3.7621e+04
1.0436e+15   3.7579e+04
1.0496e+15   3.7537e+04
1.0556e+15   3.7495e+04
1.0616e+15   3.7453e+04
1.0677e+15   3.7411e+04
1.0738e+15   3.7369e+04
1.0799e+15   3.7327e+04
1.0861e+15   3.7285e+04
1.0923e+15   3.7243e+04
1.0986e+15   3.7201e+04
1.1049e+15   3.7159e+04
1.1112e+15   3.7116e+04
1.1175e+15   3.7074e+04
1.1239e+15   3.7032e+04
1.1304e+15   3.6990e+04
1.1368e+15   3.6948e+04
1.1433e+15   3.6906e+04
1.1499e+15   3.6864e+04
1.1565e+15   3.6822e+04
1.1631e+15   3.6780e+04
1.1697e+15   3.6738e+04
1.1764e+15   3.6696e+04
1.1832e+15   3.6654e+04
1.1899e+15   3.6612e+04
1.1968e+15   3.6570e+04
1.2036e+15   3.6528e+04
1.2105e+15   3.6486e+04
1.2174e+15   3.6444e+04
1.2244e+15   3.6402e+04
1.2314e+15   3.6360e+04
1.2384e+15   3.6318e+04
1.2455e+15   3.6276e+04
1.2526e+15   3.6234e+04
1.2598e+15   3.6192e+04
1.2670e+15   3.6150e+04
1.2743e+15   3.6108e+04
1.2816e+15   3.6066e+04
1.2889e+15   3.6024e+04
1.2963e+15   3.5982e+04
1.3037e+15   3.5940e+04
1.3111e+15   3.5898e+04
1.3186e+15   3.5856e+04
1.3262e+15   3.5814e+04
1.3338e+15   3.5772e+04
1.3414e+15   3.5730e+04
1.3491e+15   3.5688e+04
1.3568e+15   3.5646e+04
1.3645e+15   3.5604e+04
1.3723e+15   3.5562e+04
1.3802e+15   3.5520e+04
1.3880e+15   3.5478e+04
1.3960e+15   3.5436e+04
1.4039e+15   3.5394e+04
1.4120e+15   3.5352e+04
1.4200e+15   3.5310e+04
1.4281e+15   3.5268e+04
1.4363e+15   3.5226e+04
1.4445e+15   3.5184e+04
1.4527e+15   3.5142e+04
1.4610e+15   3.5100e+04
1.4694e+15   3.5058e+04
1.4778e+15   3.5016e+04
1.4862e+15   3.4974e+04
1.4947e+15   3.4932e+04
1.5032e+15   3.4890e+04
1.5118e+15   3.4848e+04
1.5204e+15   3.4806e+04
1.5290e+15   3.4764e+04
1.5377e+15   3.4722e+04
1.5465e+15   3.4680e+04
1.5553e+15   3.4638e+04
1.5642e+15   3.4596e+04
1.5731e+15   3.4554e+04
1.5820e+15   3.4512e+04
1.5910e+15   3.4470e+04
1.6001e+15   3.4428e+04
1.6092e+15   3.4386e+04
1.6183e+15   3.4344e+04
1.6275e+15   3.4302e+04
1.6368e+15   3.4260e+04
1.6461e+15   3.4218e+04
1.6555e+15   3.4176e+04
1.6649e+15   3.4134e+04
1.6743e+15   3.4092e+04
1.6838e+15   3.4050e+04
1.6934e+15   3.4008e+04
1.7030e+15   3.3966e+04
1.7126e+15   3.3924e+04
1.7223e+15   3.3882e+04
1.7321e+15   3.3840e+04
1.7419e+15   3.3798e+04
1.7518e+15   3.3756e+04
1.7617e+15   3.3714e+04
1.7717e+15   3.3672e+04
1.7817e+15   3.3630e+04
1.7918e+15   3.3588e+04
1.8019e+15   3.3546e+04
1.8121e+15   3.3504e+04
1.8223e+15   3.3462e+04
1.8326e+15   3.3420e+04
1.8430e+15   3.3378e+04
1.8534e+15   3.3336e+04
1.8638e+15   3.3294e+04
1.8744e+15   3.3252e+04
1.8849e+15   3.3210e+04
1.8955e+15   3.3168e+04
1.9062e+15   3.3126e+04
1.9170e+15   3.3084e+04
1.9277e+15   3.3042e+04
1.9386e+15   3.3000e+04
1.9495e+15   3.2958e+04
1.9604e+15   3.2916e+04
1.9715e+15   3.2874e+04
1.9825e+15   3.2832e+04
1.9936e+15   3.2790e+04
2.0048e+15   3.2748e+04
2.0161e+15   3.2706e+04
2.0274e+15   3.2664e+04
2.0387e+15   3.2622e+04
2.0501e+15   3.2580e+04
2.0616e+15   3.2538e+04
2.0731e+15   3.2496e+04
2.0847e+15   3.2454e+04
2.0964e+15   3.2412e+04
2.1081e+15   3.2370e+04
2.1198e+15   3.2328e+04
2.1316e+15   3.2286e+04
2.1435e+15   3.2244e+04
2.1554e+15   3.2202e+04
2.1674e+15   3.2160e+04
2.1795e+15   3.2118e+04
2.1916e+15   3.2076e+04
2.2038e+15   3.2034e+04
2.2160e+15   3.1992e+04
2.2283e+15   3.1950e+04
2.2407e+15   3.1908e+04
2.2531e+15   3.1866e+04
2.2655e+15   3.1824e+04
2.2781e+15   3.1782e+04
2.2907e+15   3.1740e+04
2.3033e+15   3.1698e+04
2.3160e+15   3.1657e+04
2.3288e+15   3.1615e+04
2.3416e+15   3.1573e+04
2.3545e+15   3.1531e+04
2.3675e+15   3.1489e+04
2.3805e+15   3.1447e+04
2.3936e+15   3.1405e+04
2.4067e+15   3.1363e+04
2.4199e+15   3.1321e+04
2.4332e+15   3.1279e+04
2.4465e+15   3.1237e+04
2.4599e+15   3.1195e+04
2.4733e+15   3.1153e+04
2.4868e+15   3.1111e+04
2.5004e+15   3.1069e+04
2.5140e+15   3.1027e+04
2.5277e+15   3.0985e+04
2.5415e+15   3.0943e+04
2.5553e+15   3.0901e+04
2.5692e+15   3.0859e+04
2.5831e+15   3.0817e+04
2.5971e+15   3.0775e+04
2.6112e+15   3.0733e+04
2.6253e+15   3.0691e+04
2.6395e+15   3.0649e+04
2.6537e+15   3.0607e+04
2.6680e+15   3.0565e+04
2.6824e+15   3.0523e+04
2.6968e+15   3.0481e+04
2.7113e+15   3.0440e+04
2.7258e+15   3.0398e+04
2.7405e+15   3.0356e+04
2.7551e+15   3.0314e+04
2.7699e+15   3.0272e+04
2.7847e+15   3.0230e+04
2.7995e+15   3.0188e+04
2.8144e+15   3.0146e+04
2.8294e+15   3.0104e+04
2.8444e+15   3.0062e+04
2.8595e+15   3.0020e+04
2.8747e+15   2.9978e+04
2.8899e+15   2.9936e+04
2.9052e+15   2.9894e+04
2.9205e+15   2.9852e+04
2.9359e+15   2.9810e+04
2.9514e+15   2.9768e+04
2.9669e+15   2.9726e+04
2.9825e+15   2.9684e+04
2.9981e+15   2.9642e+04
3.0138e+15   2.9600e+04
3.0296e+15   2.9558e+04
3.0454e+15   2.9517e+04
3.0612e+15   2.9475e+04
3.0772e+15   2.9433e+04
3.0932e+15   2.9391e+04
3.1092e+15   2.9349e+04
3.1253e+15   2.9307e+04
3.1415e+15   2.9265e+04
3.1577e+15   2.9223e+04
3.1739e+15   2.9181e+04
3.1903e+15   2.9139e+04
3.2066e+15   2.9097e+04
3.2231e+15   2.9055e+04
3.2396e+15   2.9013e+04
3.2561e+15   2.8971e+04
3.2727e+15   2.8929e+04
3.2894e+15   2.8887e+04
3.3061e+15   2.8845e+04
3.3228e+15   2.8804e+04
3.3396e+15   2.8762e+04
3.3565e+15   2.8720e+04
3.3734e+15   2.8678e+04
3.3904e+15   2.8636e+04
3.4074e+15   2.8594e+04
3.4244e+15   2.8552e+04
3.4416e+15   2.8510e+04
3.4587e+15   2.8468e+04
3.4759e+15   2.8426e+04
3.4932e+15   2.8384e+04
3.5105e+15   2.8342e+04
3.5278e+15   2.8300e+04
3.5452e+15   2.8258e+04
3.5627e+15   2.8216e+04
3.5802e+15   2.8175e+04
3.5977e+15   2.8133e+04
3.6153e+15   2.8091e+04
3.6329e+15   2.8049e+04
3.6505e+15   2.8007e+04
3.6682e+15   2.7965e+04
3.6860e+15   2.7923e+04
3.7037e+15   2.7881e+04
3.7215e+15   2.7839e+04
3.7394e+15   2.7797e+04
3.7573e+15   2.7755e+04
3.7752e+15   2.7713e+04
3.7932e+15   2.7671e+04
3.8112e+15   2.7630e+04
3.8292e+15   2.7588e+04
3.8472e+15   2.7546e+04
3.8653e+15   2.7504e+04
3.8835e+15   2.7462e+04
3.9016e+15   2.7420e+04
3.9198e+15   2.7378e+04
3.9380e+15   2.7336e+04
3.9562e+15   2.7294e+04
3.9745e+15   2.7252e+04
3.9927e+15   2.7210e+04
4.0110e+15   2.7169e+04
4.0294e+15   2.7127e+04
4.0477e+15   2.7085e+04
4.0661e+15   2.7043e+04
4.0845e+15   2.7001e+04
4.1028e+15   2.6959e+04
4.1213e+15   2.6917e+04
4.1397e+15   2.6875e+04
4.1581e+15   2.6833e+04
4.1766e+15   2.6791e+04
4.1950e+15   2.6749e+04
4.2135e+15   2.6708e+04
4.2319e+15   2.6666e+04
4.2504e+15   2.6624e+04
4.2689e+15   2.6582e+04
4.2874e+15   2.6540e+04
4.3059e+15   2.6498e+04
4.3243e+15   2.6456e+04
4.3428e+15   2.6414e+04
4.3613e+15   2.6372e+04
4.3797e+15   2.6330e+04
4.3982e+15   2.6289e+04
4.4166e+15   2.6247e+04
4.4351e+15   2.6205e+04
4.4535e+15   2.6163e+04
4.4719e+15   2.6121e+04
4.4903e+15   2.6079e+04
4.5086e+15   2.6037e+04
4.5270e+15   2.5995e+04
4.5453e+15   2.5953e+04
4.5636e+15   2.5912e+04
4.5818e+15   2.5870e+04
4.6001e+15   2.5828e+04
4.6183e+15   2.5786e+04
4.6364e+15   2.5744e+04
4.6546e+15   2.5702e+04
4.6726e+15   2.5660e+04
4.6907e+15   2.5618e+04
4.7087e+15   2.5576e+04
4.7267e+15   2.5535e+04
4.7446e+15   2.5493e+04
4.7624e+15   2.5451e+04
4.7802e+15   2.5409e+04
4.7980e+15   2.5367e+04
4.8156e+15   2.5325e+04
4.8333e+15   2.5283e+04
4.8508e+15   2.5241e+04
4.8683e+15   2.5200e+04
4.8857e+15   2.5158e+04
4.9031e+15   2.5116e+04
4.9203e+15   2.5074e+04
4.9375e+15   2.5032e+04
4.9546e+15   2.4990e+04
5.0633e+15   2.4948e+04
5.0772e+15   2.4906e+04
5.0910e+15   2.4865e+04
5.1047e+15   2.4823e+04
5.1182e+15   2.4781e+04
5.1316e+15   2.4739e+04
5.1448e+15   2.4697e+04
5.1579e+15   2.4655e+04
5.1709e+15   2.4613e+04
5.1837e+15   2.4572e+04
5.1963e+15   2.4530e+04
5.2088e+15   2.4488e+04
5.2212e+15   2.4446e+04
5.2333e+15   2.4404e+04
5.2454e+15   2.4362e+04
5.2572e+15   2.4320e+04
5.2689e+15   2.4279e+04
5.2804e+15   2.4237e+04
5.2917e+15   2.4195e+04
5.3028e+15   2.4153e+04
5.3138e+15   2.4111e+04
5.3246e+15   2.4069e+04
5.3351e+15   2.4028e+04
5.3455e+15   2.3986e+04
5.3557e+15   2.3944e+04
5.3657e+15   2.3902e+04
5.3754e+15   2.3860e+04
5.3850e+15   2.3818e+04
5.3943e+15   2.3777e+04
5.4035e+15   2.3735e+04
5.4124e+15   2.3693e+04
5.4211e+15   2.3651e+04
5.4295e+15   2.3609e+04
1.1285e+16   2.3567e+04
1.1298e+16   2.3526e+04
1.1288e+16   2.3484e+04
1.1278e+16   2.3442e+04
1.1266e+16   2.3400e+04
1.1254e+16   2.3358e+04
1.1240e+16   2.3316e+04
1.1226e+16   2.3275e+04
1.1211e+16   2.3233e+04
1.1195e+16   2.3191e+04
1.1178e+16   2.3149e+04
1.1160e+16   2.3107e+04
1.1141e+16   2.3066e+04
1.1121e+16   2.3024e+04
1.1100e+16   2.2982e+04
1.1079e+16   2.2940e+04
1.1056e+16   2.2898e+04
1.1032e+16   2.2857e+04
1.1008e+16   2.2815e+04
1.0982e+16   2.2773e+04
1.0956e+16   2.2731e+04
1.0928e+16   2.2689e+04
1.0899e+16   2.2648e+04
1.0870e+16   2.2606e+04
1.0839e+16   2.2564e+04
1.0807e+16   2.2522e+04
1.0774e+16   2.2480e+04
1.0740e+16   2.2439e+04
1.0705e+16   2.2397e+04
1.0669e+16   2.2355e+04
1.0632e+16   2.2313e+04
1.0594e+16   2.2272e+04
1.0554e+16   2.2230e+04
1.0514e+16   2.2188e+04
7.2638e+15   2.2146e+04
7.2342e+15   2.2104e+04
7.2038e+15   2.2063e+04
7.1726e+15   2.2021e+04
7.1406e+15   2.1979e+04
7.1079e+15   2.1937e+04
7.0743e+15   2.1896e+04
7.0399e+15   2.1854e+04
7.0048e+15   2.1812e+04
6.9688e+15   2.1770e+04
6.9320e+15   2.1729e+04
6.8943e+15   2.1687e+04
6.8559e+15   2.1645e+04
6.8166e+15   2.1604e+04
6.7766e+15   2.1562e+04
6.7356e+15   2.1520e+04
6.6939e+15   2.1478e+04
6.6513e+15   2.1437e+04
6.6079e+15   2.1395e+04
6.5637e+15   2.1353e+04
6.5186e+15   2.1311e+04
6.4727e+15   2.1270e+04
6.4260e+15   2.1228e+04
6.3784e+15   2.1186e+04
6.3300e+15   2.1145e+04
6.2808e+15   2.1103e+04
6.2307e+15   2.1061e+04
6.1798e+15   2.1020e+04
6.1280e+15   2.0978e+04
6.0755e+15   2.0936e+04
6.0221e+15   2.0895e+04
5.9678e+15   2.0853e+04
5.9128e+15   2.0811e+04
5.8569e+15   2.0770e+04
5.8002e+15   2.0728e+04
5.7428e+15   2.0686e+04
5.6845e+15   2.0645e+04
5.6254e+15   2.0603e+04
5.5655e+15   2.0561e+04
5.5048e+15   2.0520e+04
5.4433e+15   2.0478e+04
5.3811e+15   2.0436e+04
5.3181e+15   2.0395e+04
5.2543e+15   2.0353e+04
5.1898e+15   2.0311e+04
5.1246e+15   2.0270e+04
5.0586e+15   2.0228e+04
4.9919e+15   2.0186e+04
4.9244e+15   2.0145e+04
4.8563e+15   2.0103e+04
4.7875e+15   2.0062e+04
4.7180e+15   2.0020e+04
4.6479e+15   1.9978e+04
4.5771e+15   1.9937e+04
4.5057e+15   1.9895e+04
4.4337e+15   1.9854e+04
4.3610e+15   1.9812e+04
4.2878e+15   1.9771e+04
4.2141e+15   1.9729e+04
4.1397e+15   1.9687e+04
4.0649e+15   1.9646e+04
3.9896e+15   1.9604e+04
3.9137e+15   1.9563e+04
3.8375e+15   1.9521e+04
3.7607e+15   1.9480e+04
3.6836e+15   1.9438e+04
3.6061e+15   1.9397e+04
3.5282e+15   1.9355e+04
3.4500e+15   1.9314e+04
3.3715e+15   1.9272e+04
3.2927e+15   1.9230e+04
3.2137e+15   1.9189e+04
3.1344e+15   1.9147e+04
3.0550e+15   1.9106e+04
1.8463e+16   1.9065e+04
1.5978e+16   1.9023e+04
1.3505e+16   1.8982e+04
1.1200e+16   1.8940e+04
9.0732e+15   1.8899e+04
7.1309e+15   1.8858e+04
5.3816e+15   1.8816e+04
3.8341e+15   1.8775e+04
2.4973e+15   1.8734e+04
1.3808e+15   1.8693e+04
4.8778e+14   1.8652e+04
