Dia: 64.0 m | Vel: 20.0 km/s | theta: 45.0 deg | Strength: 1.0e+05 Pa
Power (W)    Time (sec)
8.5221e+11   3.0000e-03
8.5526e+11   6.0000e-03
8.5831e+11   9.0000e-03
8.6138e+11   1.2000e-02
8.6446e+11   1.5000e-02
8.6755e+11   1.8000e-02
8.7065e+11   2.1000e-02
8.7377e+11   2.4000e-02
8.7690e+11   2.7000e-02
8.8004e+11   3.0000e-02
8.8319e+11   3.3000e-02
8.8635e+11   3.6000e-02
8.8953e+11   3.9000e-02
8.9271e+11   4.2000e-02
8.9592e+11   4.5000e-02
8.9913e+11   4.8000e-02
9.0235e+11   5.1000e-02
9.0559e+11   5.4000e-02
9.0884e+11   5.7000e-02
9.1210e+11   6.0000e-02
9.1538e+11   6.3000e-02
9.1867e+11   6.6000e-02
9.2197e+11   6.9000e-02
9.2528e+11   7.2000e-02
9.2861e+11   7.5000e-02
9.3195e+11   7.8000e-02
9.3530e+11   8.1000e-02
9.3867e+11   8.4000e-02
9.4205e+11   8.7000e-02
9.4544e+11   9.0000e-02
9.4884e+11   9.3000e-02
9.5226e+11   9.6000e-02
9.5569e+11   9.9000e-02
9.5914e+11   1.0200e-01
9.6260e+11   1.0500e-01
9.6607e+11   1.0800e-01
9.6955e+11   1.1100e-01
9.7305e+11   1.1400e-01
9.7656e+11   1.1700e-01
9.8009e+11   1.2000e-01
9.8363e+11   1.2300e-01
9.8718e+11   1.2600e-01
9.9075e+11   1.2900e-01
9.9433e+11   1.3200e-01
9.9793e+11   1.3500e-01
1.0015e+12   1.3800e-01
1.0052e+12   1.4100e-01
1.0088e+12   1.4400e-01
1.0124e+12   1.4700e-01
1.0161e+12   1.5000e-01
1.0198e+12   1.5300e-01
1.0235e+12   1.5600e-01
1.0272e+12   1.5900e-01
1.0309e+12   1.6200e-01
1.0347e+12   1.6500e-01
1.0384e+12   1.6800e-01
1.0422e+12   1.7100e-01
1.0460e+12   1.7400e-01
1.0498e+12   1.7700e-01
1.0536e+12   1.8000e-01
1.0574e+12   1.8300e-01
1.0612e+12   1.8600e-01
1.0651e+12   1.8900e-01
1.0690e+12   1.9200e-01
1.0729e+12   1.9500e-01
1.0768e+12   1.9800e-01
1.0807e+12   2.0100e-01
1.0846e+12   2.0400e-01
1.0886e+12   2.0700e-01
1.0925e+12   2.1000e-01
1.0965e+12   2.1300e-01
1.1005e+12   2.1600e-01
1.1045e+12   2.1900e-01
1.1085e+12   2.2200e-01
1.1126e+12   2.2500e-01
1.1166e+12   2.2800e-01
1.1207e+12   2.3100e-01
1.1248e+12   2.3400e-01
1.1289e+12   2.3700e-01
1.1330e+12   2.4000e-01
1.1372e+12   2.4300e-01
1.1413e+12   2.4600e-01
1.1455e+12   2.4900e-01
1.1497e+12   2.5200e-01
1.1539e+12   2.5500e-01
1.1581e+12   2.5800e-01
1.1624e+12   2.6100e-01
1.1666e+12   2.6400e-01
1.1709e+12   2.6700e-01
1.1752e+12   2.7000e-01
1.1795e+12   2.7300e-01
1.1838e+12   2.7600e-01
1.1881e+12   2.7900e-01
1.1925e+12   2.8200e-01
1.1969e+12   2.8500e-01
1.2013e+12   2.8800e-01
1.2057e+12   2.9100e-01
1.2101e+12   2.9400e-01
1.2145e+12   2.9700e-01
1.2190e+12   3.0000e-01
1.2235e+12   3.0300e-01
1.2280e+12   3.0600e-01
1.2325e+12   3.0900e-01
1.2370e+12   3.1200e-01
1.2416e+12   3.1500e-01
1.2462e+12   3.1800e-01
1.2507e+12   3.2100e-01
1.2553e+12   3.2400e-01
1.2600e+12   3.2700e-01
1.2646e+12   3.3000e-01
1.2693e+12   3.3300e-01
1.2739e+12   3.3600e-01
1.2786e+12   3.3900e-01
1.2834e+12   3.4200e-01
1.2881e+12   3.4500e-01
1.2929e+12   3.4800e-01
1.2976e+12   3.5100e-01
1.3024e+12   3.5400e-01
1.3072e+12   3.5700e-01
1.3121e+12   3.6000e-01
1.3169e+12   3.6300e-01
1.3218e+12   3.6600e-01
1.3267e+12   3.6900e-01
1.3316e+12   3.7200e-01
1.3365e+12   3.7500e-01
1.3414e+12   3.7800e-01
1.3464e+12   3.8100e-01
1.3514e+12   3.8400e-01
1.3564e+12   3.8700e-01
1.3614e+12   3.9000e-01
1.3665e+12   3.9300e-01
1.3715e+12   3.9600e-01
1.3766e+12   3.9900e-01
1.3817e+12   4.0200e-01
1.3869e+12   4.0500e-01
1.3920e+12   4.0800e-01
1.3972e+12   4.1100e-01
1.4024e+12   4.1400e-01
1.4076e+12   4.1700e-01
1.4128e+12   4.2000e-01
1.4181e+12   4.2300e-01
1.4233e+12   4.2600e-01
1.4286e+12   4.2900e-01
1.4339e+12   4.3200e-01
1.4393e+12   4.3500e-01
1.4446e+12   4.3800e-01
1.4500e+12   4.4100e-01
1.4554e+12   4.4400e-01
1.4609e+12   4.4700e-01
1.4663e+12   4.5000e-01
1.4718e+12   4.5300e-01
1.4773e+12   4.5600e-01
1.4828e+12   4.5900e-01
1.4883e+12   4.6200e-01
1.4939e+12   4.6500e-01
1.4994e+12   4.6800e-01
1.5050e+12   4.7100e-01
1.5107e+12   4.7400e-01
1.5163e+12   4.7700e-01
1.5220e+12   4.8000e-01
1.5277e+12   4.8300e-01
1.5334e+12   4.8600e-01
1.5391e+12   4.8900e-01
1.5449e+12   4.9200e-01
1.5507e+12   4.9500e-01
1.5565e+12   4.9800e-01
1.5623e+12   5.0100e-01
1.5682e+12   5.0400e-01
1.5740e+12   5.0700e-01
1.5799e+12   5.1000e-01
1.5859e+12   5.1300e-01
1.5918e+12   5.1600e-01
1.5978e+12   5.1900e-01
1.6038e+12   5.2200e-01
1.6098e+12   5.2500e-01
1.6158e+12   5.2800e-01
1.6219e+12   5.3100e-01
1.6280e+12   5.3400e-01
1.6341e+12   5.3700e-01
1.6403e+12   5.4000e-01
1.6465e+12   5.4300e-01
1.6526e+12   5.4600e-01
1.6589e+12   5.4900e-01
1.6651e+12   5.5200e-01
1.6714e+12   5.5500e-01
1.6777e+12   5.5800e-01
1.6840e+12   5.6100e-01
1.6904e+12   5.6400e-01
1.6967e+12   5.6700e-01
1.7031e+12   5.7000e-01
1.7096e+12   5.7300e-01
1.7160e+12   5.7600e-01
1.7225e+12   5.7900e-01
1.7290e+12   5.8200e-01
1.7355e+12   5.8500e-01
1.7421e+12   5.8800e-01
1.7487e+12   5.9100e-01
1.7553e+12   5.9400e-01
1.7619e+12   5.9700e-01
1.7686e+12   6.0000e-01
1.7753e+12   6.0300e-01
1.7820e+12   6.0600e-01
1.7887e+12   6.0900e-01
1.7955e+12   6.1200e-01
1.8023e+12   6.1500e-01
1.8091e+12   6.1800e-01
1.8160e+12   6.2100e-01
1.8229e+12   6.2400e-01
1.8298e+12   6.2700e-01
1.8367e+12   6.3000e-01
1.8437e+12   6.3300e-01
1.8507e+12   6.3600e-01
1.8577e+12   6.3900e-01
1.8648e+12   6.4200e-01
1.8719e+12   6.4500e-01
1.8790e+12   6.4800e-01
1.8862e+12   6.5100e-01
1.8933e+12   6.5400e-01
1.9005e+12   6.5700e-01
1.9078e+12   6.6000e-01
1.9150e+12   6.6300e-01
1.9223e+12   6.6600e-01
1.9296e+12   6.6900e-01
1.9370e+12   6.7200e-01
1.9444e+12   6.7500e-01
1.9518e+12   6.7800e-01
1.9592e+12   6.8100e-01
1.9667e+12   6.8400e-01
1.9742e+12   6.8700e-01
1.9817e+12   6.9000e-01
1.9893e+12   6.9300e-01
1.9969e+12   6.9600e-01
2.0045e+12   6.9900e-01
2.0122e+12   7.0200e-01
2.0199e+12   7.0500e-01
2.0276e+12   7.0800e-01
2.0354e+12   7.1100e-01
2.0432e+12   7.1400e-01
2.0510e+12   7.1700e-01
2.0588e+12   7.2000e-01
2.0667e+12   7.2300e-01
2.0746e+12   7.2600e-01
2.0826e+12   7.2900e-01
2.0906e+12   7.3200e-01
2.0986e+12   7.3500e-01
2.1066e+12   7.3800e-01
2.1147e+12   7.4100e-01
2.1228e+12   7.4400e-01
2.1310e+12   7.4700e-01
2.1392e+12   7.5000e-01
2.1474e+12   7.5300e-01
2.1557e+12   7.5600e-01
2.1639e+12   7.5900e-01
2.1723e+12   7.6200e-01
2.1806e+12   7.6500e-01
2.1890e+12   7.6800e-01
2.1974e+12   7.7100e-01
2.2059e+12   7.7400e-01
2.2144e+12   7.7700e-01
2.2229e+12   7.8000e-01
2.2315e+12   7.8300e-01
2.2401e+12   7.8600e-01
2.2487e+12   7.8900e-01
2.2574e+12   7.9200e-01
2.2661e+12   7.9500e-01
2.2748e+12   7.9800e-01
2.2836e+12   8.0100e-01
2.2924e+12   8.0400e-01
2.3013e+12   8.0700e-01
2.3102e+12   8.1000e-01
2.3191e+12   8.1300e-01
2.3281e+12   8.1600e-01
2.3371e+12   8.1900e-01
2.3461e+12   8.2200e-01
2.3552e+12   8.2500e-01
2.3643e+12   8.2800e-01
2.3735e+12   8.3100e-01
2.3827e+12   8.3400e-01
2.3919e+12   8.3700e-01
2.4012e+12   8.4000e-01
2.4105e+12   8.4300e-01
2.4198e+12   8.4600e-01
2.4292e+12   8.4900e-01
2.4386e+12   8.5200e-01
2.4481e+12   8.5500e-01
2.4576e+12   8.5800e-01
2.4672e+12   8.6100e-01
2.4767e+12   8.6400e-01
2.4864e+12   8.6700e-01
2.4960e+12   8.7000e-01
2.5057e+12   8.7300e-01
2.5155e+12   8.7600e-01
2.5253e+12   8.7900e-01
2.5351e+12   8.8200e-01
2.5450e+12   8.8500e-01
2.5549e+12   8.8800e-01
2.5648e+12   8.9100e-01
2.5748e+12   8.9400e-01
2.5849e+12   8.9700e-01
2.5950e+12   9.0000e-01
2.6051e+12   9.0300e-01
2.6152e+12   9.0600e-01
2.6255e+12   9.0900e-01
2.6357e+12   9.1200e-01
2.6460e+12   9.1500e-01
2.6563e+12   9.1800e-01
2.6667e+12   9.2100e-01
2.6771e+12   9.2400e-01
2.6876e+12   9.2700e-01
2.6981e+12   9.3000e-01
2.7087e+12   9.3300e-01
2.7193e+12   9.3600e-01
2.7299e+12   9.3900e-01
2.7406e+12   9.4200e-01
2.7514e+12   9.4500e-01
2.7621e+12   9.4800e-01
2.7730e+12   9.5100e-01
2.7838e+12   9.5400e-01
2.7948e+12   9.5700e-01
2.8057e+12   9.6000e-01
2.8167e+12   9.6300e-01
2.8278e+12   9.6600e-01
2.8389e+12   9.6900e-01
2.8501e+12   9.7200e-01
2.8613e+12   9.7500e-01
2.8725e+12   9.7800e-01
2.8838e+12   9.8100e-01
2.8951e+12   9.8400e-01
2.9065e+12   9.8700e-01
2.9180e+12   9.9000e-01
2.9295e+12   9.9300e-01
2.9410e+12   9.9600e-01
2.9526e+12   9.9900e-01
2.9642e+12   1.0020e+00
2.9759e+12   1.0050e+00
2.9876e+12   1.0080e+00
2.9994e+12   1.0110e+00
3.0113e+12   1.0140e+00
3.0231e+12   1.0170e+00
3.0351e+12   1.0200e+00
3.0471e+12   1.0230e+00
3.0591e+12   1.0260e+00
3.0712e+12   1.0290e+00
3.0833e+12   1.0320e+00
3.0955e+12   1.0350e+00
3.1078e+12   1.0380e+00
3.1201e+12   1.0410e+00
3.1324e+12   1.0440e+00
3.1448e+12   1.0470e+00
3.1573e+12   1.0500e+00
3.1698e+12   1.0530e+00
3.1823e+12   1.0560e+00
3.1950e+12   1.0590e+00
3.2076e+12   1.0620e+00
3.2203e+12   1.0650e+00
3.2331e+12   1.0680e+00
3.2460e+12   1.0710e+00
3.2588e+12   1.0740e+00
3.2718e+12   1.0770e+00
3.2848e+12   1.0800e+00
3.2978e+12   1.0830e+00
3.3110e+12   1.0860e+00
3.3241e+12   1.0890e+00
3.3373e+12   1.0920e+00
3.3506e+12   1.0950e+00
3.3640e+12   1.0980e+00
3.3773e+12   1.1010e+00
3.3908e+12   1.1040e+00
3.4043e+12   1.1070e+00
3.4179e+12   1.1100e+00
3.4315e+12   1.1130e+00
3.4452e+12   1.1160e+00
3.4589e+12   1.1190e+00
3.4727e+12   1.1220e+00
3.4866e+12   1.1250e+00
3.5005e+12   1.1280e+00
3.5145e+12   1.1310e+00
3.5285e+12   1.1340e+00
3.5426e+12   1.1370e+00
3.5568e+12   1.1400e+00
3.5710e+12   1.1430e+00
3.5853e+12   1.1460e+00
3.5997e+12   1.1490e+00
3.6141e+12   1.1520e+00
3.6285e+12   1.1550e+00
3.6431e+12   1.1580e+00
3.6577e+12   1.1610e+00
3.6723e+12   1.1640e+00
3.6871e+12   1.1670e+00
3.7018e+12   1.1700e+00
3.7167e+12   1.1730e+00
3.7316e+12   1.1760e+00
3.7466e+12   1.1790e+00
3.7616e+12   1.1820e+00
3.7767e+12   1.1850e+00
3.7919e+12   1.1880e+00
3.8072e+12   1.1910e+00
3.8225e+12   1.1940e+00
3.8378e+12   1.1970e+00
3.8533e+12   1.2000e+00
3.8688e+12   1.2030e+00
3.8844e+12   1.2060e+00
3.9000e+12   1.2090e+00
3.9157e+12   1.2120e+00
3.9315e+12   1.2150e+00
3.9473e+12   1.2180e+00
3.9633e+12   1.2210e+00
3.9793e+12   1.2240e+00
3.9953e+12   1.2270e+00
4.0114e+12   1.2300e+00
4.0276e+12   1.2330e+00
4.0439e+12   1.2360e+00
4.0602e+12   1.2390e+00
4.0766e+12   1.2420e+00
4.0931e+12   1.2450e+00
4.1097e+12   1.2480e+00
4.1263e+12   1.2510e+00
4.1430e+12   1.2540e+00
4.1598e+12   1.2570e+00
4.1766e+12   1.2600e+00
4.1935e+12   1.2630e+00
4.2105e+12   1.2660e+00
4.2276e+12   1.2690e+00
4.2447e+12   1.2720e+00
4.2619e+12   1.2750e+00
4.2792e+12   1.2780e+00
4.2966e+12   1.2810e+00
4.3140e+12   1.2840e+00
4.3315e+12   1.2870e+00
4.3491e+12   1.2900e+00
4.3668e+12   1.2930e+00
4.3846e+12   1.2960e+00
4.4024e+12   1.2990e+00
4.4203e+12   1.3020e+00
4.4383e+12   1.3050e+00
4.4563e+12   1.3080e+00
4.4745e+12   1.3110e+00
4.4927e+12   1.3140e+00
4.5110e+12   1.3170e+00
4.5294e+12   1.3200e+00
4.5478e+12   1.3230e+00
4.5664e+12   1.3260e+00
4.5850e+12   1.3290e+00
4.6037e+12   1.3320e+00
4.6225e+12   1.3350e+00
4.6414e+12   1.3380e+00
4.6603e+12   1.3410e+00
4.6794e+12   1.3440e+00
4.6985e+12   1.3470e+00
4.7177e+12   1.3500e+00
4.7370e+12   1.3530e+00
4.7564e+12   1.3560e+00
4.7758e+12   1.3590e+00
4.7954e+12   1.3620e+00
4.8150e+12   1.3650e+00
4.8348e+12   1.3680e+00
4.8546e+12   1.3710e+00
4.8745e+12   1.3740e+00
4.8944e+12   1.3770e+00
4.9145e+12   1.3800e+00
4.9347e+12   1.3830e+00
4.9549e+12   1.3860e+00
4.9753e+12   1.3890e+00
4.9957e+12   1.3920e+00
5.0162e+12   1.3950e+00
5.0368e+12   1.3980e+00
5.0575e+12   1.4010e+00
5.0783e+12   1.4040e+00
5.0992e+12   1.4070e+00
5.1202e+12   1.4100e+00
5.1413e+12   1.4130e+00
5.1625e+12   1.4160e+00
5.1837e+12   1.4190e+00
5.2051e+12   1.4220e+00
5.2265e+12   1.4250e+00
5.2481e+12   1.4280e+00
5.2697e+12   1.4310e+00
5.2915e+12   1.4340e+00
5.3133e+12   1.4370e+00
5.3352e+12   1.4400e+00
5.3573e+12   1.4430e+00
5.3794e+12   1.4460e+00
5.4016e+12   1.4490e+00
5.4239e+12   1.4520e+00
5.4464e+12   1.4550e+00
5.4689e+12   1.4580e+00
5.4915e+12   1.4610e+00
5.5143e+12   1.4640e+00
5.5371e+12   1.4670e+00
5.5600e+12   1.4700e+00
5.5830e+12   1.4730e+00
5.6062e+12   1.4760e+00
5.6294e+12   1.4790e+00
5.6528e+12   1.4820e+00
5.6762e+12   1.4850e+00
5.6998e+12   1.4880e+00
5.7234e+12   1.4910e+00
5.7472e+12   1.4940e+00
5.7711e+12   1.4970e+00
5.7950e+12   1.5000e+00
5.8191e+12   1.5030e+00
5.8433e+12   1.5060e+00
5.8676e+12   1.5090e+00
5.8920e+12   1.5120e+00
5.9166e+12   1.5150e+00
5.9412e+12   1.5180e+00
5.9659e+12   1.5210e+00
5.9908e+12   1.5240e+00
6.0158e+12   1.5270e+00
6.0408e+12   1.5300e+00
6.0660e+12   1.5330e+00
6.0913e+12   1.5360e+00
6.1167e+12   1.5390e+00
6.1423e+12   1.5420e+00
6.1679e+12   1.5450e+00
6.1937e+12   1.5480e+00
6.2196e+12   1.5510e+00
6.2456e+12   1.5540e+00
6.2717e+12   1.5570e+00
6.2979e+12   1.5600e+00
6.3243e+12   1.5630e+00
6.3507e+12   1.5660e+00
6.3773e+12   1.5690e+00
6.4040e+12   1.5720e+00
6.4308e+12   1.5750e+00
6.4578e+12   1.5780e+00
6.4849e+12   1.5810e+00
6.5121e+12   1.5840e+00
6.5394e+12   1.5870e+00
6.5668e+12   1.5900e+00
6.5944e+12   1.5930e+00
6.6221e+12   1.5960e+00
6.6499e+12   1.5990e+00
6.6778e+12   1.6020e+00
6.7059e+12   1.6050e+00
6.7341e+12   1.6080e+00
6.7624e+12   1.6110e+00
6.7909e+12   1.6140e+00
6.8195e+12   1.6170e+00
6.8482e+12   1.6200e+00
6.8770e+12   1.6230e+00
6.9060e+12   1.6260e+00
6.9351e+12   1.6290e+00
6.9643e+12   1.6320e+00
6.9937e+12   1.6350e+00
7.0232e+12   1.6380e+00
7.0528e+12   1.6410e+00
7.0826e+12   1.6440e+00
7.1125e+12   1.6470e+00
7.1425e+12   1.6500e+00
7.1727e+12   1.6530e+00
7.2030e+12   1.6560e+00
7.2335e+12   1.6590e+00
7.2641e+12   1.6620e+00
7.2948e+12   1.6650e+00
7.3257e+12   1.6680e+00
7.3567e+12   1.6710e+00
7.3879e+12   1.6740e+00
7.4192e+12   1.6770e+00
7.4506e+12   1.6800e+00
7.4822e+12   1.6830e+00
7.5140e+12   1.6860e+00
7.5458e+12   1.6890e+00
7.5779e+12   1.6920e+00
7.6100e+12   1.6950e+00
7.6423e+12   1.6980e+00
7.6748e+12   1.7010e+00
7.7074e+12   1.7040e+00
7.7402e+12   1.7070e+00
7.7731e+12   1.7100e+00
7.8062e+12   1.7130e+00
7.8394e+12   1.7160e+00
7.8728e+12   1.7190e+00
7.9063e+12   1.7220e+00
7.9400e+12   1.7250e+00
7.9738e+12   1.7280e+00
8.0078e+12   1.7310e+00
8.0419e+12   1.7340e+00
8.0762e+12   1.7370e+00
8.1107e+12   1.7400e+00
8.1453e+12   1.7430e+00
8.1801e+12   1.7460e+00
8.2150e+12   1.7490e+00
8.2501e+12   1.7520e+00
8.2854e+12   1.7550e+00
8.3208e+12   1.7580e+00
8.3564e+12   1.7610e+00
8.3921e+12   1.7640e+00
8.4280e+12   1.7670e+00
8.4641e+12   1.7700e+00
8.5004e+12   1.7730e+00
8.5368e+12   1.7760e+00
8.5734e+12   1.7790e+00
8.6101e+12   1.7820e+00
8.6470e+12   1.7850e+00
8.6841e+12   1.7880e+00
8.7214e+12   1.7910e+00
8.7588e+12   1.7940e+00
8.7964e+12   1.7970e+00
8.8342e+12   1.8000e+00
8.8722e+12   1.8030e+00
8.9103e+12   1.8060e+00
8.9486e+12   1.8090e+00
8.9871e+12   1.8120e+00
9.0258e+12   1.8150e+00
9.0646e+12   1.8180e+00
9.1037e+12   1.8210e+00
9.1429e+12   1.8240e+00
9.1823e+12   1.8270e+00
9.2218e+12   1.8300e+00
9.2616e+12   1.8330e+00
9.3015e+12   1.8360e+00
9.3417e+12   1.8390e+00
9.3820e+12   1.8420e+00
9.4225e+12   1.8450e+00
9.4632e+12   1.8480e+00
9.5041e+12   1.8510e+00
9.5452e+12   1.8540e+00
9.5864e+12   1.8570e+00
9.6279e+12   1.8600e+00
9.6695e+12   1.8630e+00
9.7114e+12   1.8660e+00
9.7534e+12   1.8690e+00
9.7957e+12   1.8720e+00
9.8381e+12   1.8750e+00
9.8807e+12   1.8780e+00
9.9236e+12   1.8810e+00
9.9666e+12   1.8840e+00
1.0010e+13   1.8870e+00
1.0053e+13   1.8900e+00
1.0097e+13   1.8930e+00
1.0141e+13   1.8960e+00
1.0185e+13   1.8990e+00
1.0229e+13   1.9020e+00
1.0274e+13   1.9050e+00
1.0318e+13   1.9080e+00
1.0363e+13   1.9110e+00
1.0408e+13   1.9140e+00
1.0453e+13   1.9170e+00
1.0499e+13   1.9200e+00
1.0545e+13   1.9230e+00
1.0591e+13   1.9260e+00
1.0637e+13   1.9290e+00
1.0683e+13   1.9320e+00
1.0730e+13   1.9350e+00
1.0777e+13   1.9380e+00
1.0824e+13   1.9410e+00
1.0871e+13   1.9440e+00
1.0918e+13   1.9470e+00
1.0966e+13   1.9500e+00
1.1014e+13   1.9530e+00
1.1062e+13   1.9560e+00
1.1111e+13   1.9590e+00
1.1159e+13   1.9620e+00
1.1208e+13   1.9650e+00
1.1257e+13   1.9680e+00
1.1306e+13   1.9710e+00
1.1356e+13   1.9740e+00
1.1406e+13   1.9770e+00
1.1456e+13   1.9800e+00
1.1506e+13   1.9830e+00
1.1556e+13   1.9860e+00
1.1607e+13   1.9890e+00
1.1658e+13   1.9920e+00
1.1709e+13   1.9950e+00
1.1761e+13   1.9980e+00
1.1812e+13   2.0010e+00
1.1864e+13   2.0040e+00
1.1917e+13   2.0070e+00
1.1969e+13   2.0100e+00
1.2022e+13   2.0130e+00
1.2075e+13   2.0160e+00
1.2128e+13   2.0190e+00
1.2181e+13   2.0220e+00
1.2235e+13   2.0250e+00
1.2289e+13   2.0280e+00
1.2343e+13   2.0310e+00
1.2397e+13   2.0340e+00
1.2452e+13   2.0370e+00
1.2507e+13   2.0400e+00
1.2562e+13   2.0430e+00
1.2618e+13   2.0460e+00
1.2674e+13   2.0490e+00
1.2730e+13   2.0520e+00
1.2786e+13   2.0550e+00
1.2842e+13   2.0580e+00
1.2899e+13   2.0610e+00
1.2956e+13   2.0640e+00
1.3014e+13   2.0670e+00
1.3071e+13   2.0700e+00
1.3129e+13   2.0730e+00
1.3188e+13   2.0760e+00
1.3246e+13   2.0790e+00
1.3305e+13   2.0820e+00
1.3364e+13   2.0850e+00
1.3423e+13   2.0880e+00
1.3483e+13   2.0910e+00
1.3543e+13   2.0940e+00
1.3603e+13   2.0970e+00
1.3663e+13   2.1000e+00
1.3724e+13   2.1030e+00
1.3785e+13   2.1060e+00
1.3846e+13   2.1090e+00
1.3908e+13   2.1120e+00
1.3970e+13   2.1150e+00
1.4032e+13   2.1180e+00
1.4095e+13   2.1210e+00
1.4158e+13   2.1240e+00
1.4221e+13   2.1270e+00
1.4284e+13   2.1300e+00
1.4348e+13   2.1330e+00
1.4412e+13   2.1360e+00
1.4476e+13   2.1390e+00
1.4541e+13   2.1420e+00
1.4606e+13   2.1450e+00
1.4671e+13   2.1480e+00
1.4737e+13   2.1510e+00
1.4803e+13   2.1540e+00
1.4869e+13   2.1570e+00
1.4936e+13   2.1600e+00
1.5003e+13   2.1630e+00
1.5070e+13   2.1660e+00
1.5137e+13   2.1690e+00
1.5205e+13   2.1720e+00
1.5273e+13   2.1750e+00
1.5342e+13   2.1780e+00
1.5411e+13   2.1810e+00
1.5480e+13   2.1840e+00
1.5549e+13   2.1870e+00
1.5619e+13   2.1900e+00
1.5689e+13   2.1930e+00
1.5760e+13   2.1960e+00
1.5831e+13   2.1990e+00
1.5902e+13   2.2020e+00
1.5974e+13   2.2050e+00
1.6045e+13   2.2080e+00
1.6118e+13   2.2110e+00
1.6190e+13   2.2140e+00
1.6263e+13   2.2170e+00
1.6337e+13   2.2200e+00
1.6410e+13   2.2230e+00
1.6484e+13   2.2260e+00
1.6559e+13   2.2290e+00
1.6633e+13   2.2320e+00
1.6709e+13   2.2350e+00
1.6784e+13   2.2380e+00
1.6860e+13   2.2410e+00
1.6936e+13   2.2440e+00
1.7013e+13   2.2470e+00
1.7090e+13   2.2500e+00
1.7167e+13   2.2530e+00
1.7245e+13   2.2560e+00
1.7323e+13   2.2590e+00
1.7401e+13   2.2620e+00
1.7480e+13   2.2650e+00
1.7559e+13   2.2680e+00
1.7639e+13   2.2710e+00
1.7719e+13   2.2740e+00
1.7800e+13   2.2770e+00
1.7880e+13   2.2800e+00
1.7962e+13   2.2830e+00
1.8043e+13   2.2860e+00
1.8125e+13   2.2890e+00
1.8208e+13   2.2920e+00
1.8290e+13   2.2950e+00
1.8374e+13   2.2980e+00
1.8457e+13   2.3010e+00
1.8541e+13   2.3040e+00
1.8626e+13   2.3070e+00
1.8711e+13   2.3100e+00
1.8796e+13   2.3130e+00
1.8882e+13   2.3160e+00
1.8968e+13   2.3190e+00
1.9054e+13   2.3220e+00
1.9141e+13   2.3250e+00
1.9229e+13   2.3280e+00
1.9316e+13   2.3310e+00
1.9405e+13   2.3340e+00
1.9493e+13   2.3370e+00
1.9582e+13   2.3400e+00
1.9672e+13   2.3430e+00
1.9762e+13   2.3460e+00
1.9853e+13   2.3490e+00
1.9943e+13   2.3520e+00
2.0035e+13   2.3550e+00
2.0127e+13   2.3580e+00
2.0219e+13   2.3610e+00
2.0312e+13   2.3640e+00
2.0405e+13   2.3670e+00
2.0498e+13   2.3700e+00
2.0592e+13   2.3730e+00
2.0687e+13   2.3760e+00
2.0782e+13   2.3790e+00
2.0878e+13   2.3820e+00
2.0974e+13   2.3850e+00
2.1070e+13   2.3880e+00
2.1167e+13   2.3910e+00
2.1264e+13   2.3940e+00
2.1362e+13   2.3970e+00
2.1461e+13   2.4000e+00
2.1559e+13   2.4030e+00
2.1659e+13   2.4060e+00
2.1759e+13   2.4090e+00
2.1859e+13   2.4120e+00
2.1960e+13   2.4150e+00
2.2061e+13   2.4180e+00
2.2163e+13   2.4210e+00
2.2265e+13   2.4240e+00
2.2368e+13   2.4270e+00
2.2472e+13   2.4300e+00
2.2576e+13   2.4330e+00
2.2680e+13   2.4360e+00
2.2785e+13   2.4390e+00
2.2890e+13   2.4420e+00
2.2996e+13   2.4450e+00
2.3103e+13   2.4480e+00
2.3210e+13   2.4510e+00
2.3318e+13   2.4540e+00
2.3426e+13   2.4570e+00
2.3534e+13   2.4600e+00
2.3644e+13   2.4630e+00
2.3753e+13   2.4660e+00
2.3864e+13   2.4690e+00
2.3974e+13   2.4720e+00
2.4086e+13   2.4750e+00
2.4198e+13   2.4780e+00
2.4310e+13   2.4810e+00
2.4423e+13   2.4840e+00
2.4537e+13   2.4870e+00
2.4651e+13   2.4900e+00
2.4766e+13   2.4930e+00
2.4882e+13   2.4960e+00
2.4997e+13   2.4990e+00
2.5114e+13   2.5020e+00
2.5231e+13   2.5050e+00
2.5349e+13   2.5080e+00
2.5467e+13   2.5110e+00
2.5586e+13   2.5140e+00
2.5706e+13   2.5170e+00
2.5826e+13   2.5200e+00
2.5946e+13   2.5230e+00
2.6068e+13   2.5260e+00
2.6190e+13   2.5290e+00
2.6312e+13   2.5320e+00
2.6435e+13   2.5350e+00
2.6559e+13   2.5380e+00
2.6684e+13   2.5410e+00
2.6809e+13   2.5440e+00
2.6934e+13   2.5470e+00
2.7061e+13   2.5500e+00
2.7187e+13   2.5530e+00
2.7315e+13   2.5560e+00
2.7443e+13   2.5590e+00
2.7572e+13   2.5620e+00
2.7702e+13   2.5650e+00
2.7832e+13   2.5680e+00
2.7963e+13   2.5710e+00
2.8094e+13   2.5740e+00
2.8226e+13   2.5770e+00
2.8359e+13   2.5800e+00
2.8493e+13   2.5830e+00
2.8627e+13   2.5860e+00
2.8762e+13   2.5890e+00
2.8897e+13   2.5920e+00
2.9034e+13   2.5950e+00
2.9171e+13   2.5980e+00
2.9308e+13   2.6010e+00
2.9447e+13   2.6040e+00
2.9586e+13   2.6070e+00
2.9725e+13   2.6100e+00
2.9866e+13   2.6130e+00
3.0007e+13   2.6160e+00
3.0149e+13   2.6190e+00
3.0291e+13   2.6220e+00
3.0435e+13   2.6250e+00
3.0579e+13   2.6280e+00
3.0724e+13   2.6310e+00
3.0869e+13   2.6340e+00
3.1016e+13   2.6370e+00
3.1163e+13   2.6400e+00
3.1310e+13   2.6430e+00
3.1459e+13   2.6460e+00
3.1608e+13   2.6490e+00
3.1758e+13   2.6520e+00
3.1909e+13   2.6550e+00
3.2061e+13   2.6580e+00
3.2213e+13   2.6610e+00
3.2366e+13   2.6640e+00
3.2520e+13   2.6670e+00
3.2675e+13   2.6700e+00
3.2831e+13   2.6730e+00
3.2987e+13   2.6760e+00
3.3144e+13   2.6790e+00
3.3302e+13   2.6820e+00
3.3461e+13   2.6850e+00
3.3620e+13   2.6880e+00
3.3781e+13   2.6910e+00
3.3942e+13   2.6940e+00
3.4104e+13   2.6970e+00
3.4267e+13   2.7000e+00
3.4431e+13   2.7030e+00
3.4595e+13   2.7060e+00
3.4761e+13   2.7090e+00
3.4927e+13   2.7120e+00
3.5094e+13   2.7150e+00
3.5262e+13   2.7180e+00
3.5431e+13   2.7210e+00
3.5600e+13   2.7240e+00
3.5771e+13   2.7270e+00
3.5943e+13   2.7300e+00
3.6115e+13   2.7330e+00
3.6288e+13   2.7360e+00
3.6462e+13   2.7390e+00
3.6637e+13   2.7420e+00
3.6813e+13   2.7450e+00
3.6990e+13   2.7480e+00
3.7168e+13   2.7510e+00
3.7347e+13   2.7540e+00
3.7526e+13   2.7570e+00
3.7707e+13   2.7600e+00
3.7888e+13   2.7630e+00
3.8071e+13   2.7660e+00
3.8254e+13   2.7690e+00
3.8438e+13   2.7720e+00
3.8624e+13   2.7750e+00
3.8810e+13   2.7780e+00
3.8997e+13   2.7810e+00
3.9185e+13   2.7840e+00
3.9374e+13   2.7870e+00
3.9565e+13   2.7900e+00
3.9756e+13   2.7930e+00
3.9948e+13   2.7960e+00
4.0141e+13   2.7990e+00
4.0335e+13   2.8020e+00
4.0530e+13   2.8050e+00
4.0726e+13   2.8080e+00
4.0924e+13   2.8110e+00
4.1122e+13   2.8140e+00
4.1321e+13   2.8170e+00
4.1521e+13   2.8200e+00
4.1723e+13   2.8230e+00
4.1925e+13   2.8260e+00
4.2129e+13   2.8290e+00
4.2333e+13   2.8320e+00
4.2539e+13   2.8350e+00
4.2745e+13   2.8380e+00
4.2953e+13   2.8410e+00
4.3162e+13   2.8440e+00
4.3372e+13   2.8470e+00
4.3583e+13   2.8500e+00
4.3795e+13   2.8530e+00
4.4008e+13   2.8560e+00
4.4223e+13   2.8590e+00
4.4438e+13   2.8620e+00
4.4655e+13   2.8650e+00
4.4872e+13   2.8680e+00
4.5091e+13   2.8710e+00
4.5311e+13   2.8740e+00
4.5532e+13   2.8770e+00
4.5755e+13   2.8800e+00
4.5978e+13   2.8830e+00
4.6203e+13   2.8860e+00
4.6429e+13   2.8890e+00
4.6656e+13   2.8920e+00
4.6884e+13   2.8950e+00
4.7114e+13   2.8980e+00
4.7344e+13   2.9010e+00
4.7576e+13   2.9040e+00
4.7809e+13   2.9070e+00
4.8044e+13   2.9100e+00
4.8279e+13   2.9130e+00
4.8516e+13   2.9160e+00
4.8754e+13   2.9190e+00
4.8994e+13   2.9220e+00
4.9234e+13   2.9250e+00
4.9476e+13   2.9280e+00
4.9719e+13   2.9310e+00
4.9964e+13   2.9340e+00
5.0209e+13   2.9370e+00
5.0456e+13   2.9400e+00
5.0705e+13   2.9430e+00
5.0955e+13   2.9460e+00
5.1205e+13   2.9490e+00
5.1458e+13   2.9520e+00
5.1711e+13   2.9550e+00
5.1966e+13   2.9580e+00
5.2223e+13   2.9610e+00
5.2481e+13   2.9640e+00
5.2740e+13   2.9670e+00
5.3000e+13   2.9700e+00
5.3262e+13   2.9730e+00
5.3525e+13   2.9760e+00
5.3790e+13   2.9790e+00
5.4056e+13   2.9820e+00
5.4323e+13   2.9850e+00
5.4592e+13   2.9880e+00
5.4863e+13   2.9910e+00
5.5134e+13   2.9940e+00
5.5408e+13   2.9970e+00
5.5682e+13   3.0000e+00
5.5958e+13   3.0030e+00
5.6236e+13   3.0060e+00
5.6515e+13   3.0090e+00
5.6796e+13   3.0120e+00
5.7078e+13   3.0150e+00
5.7361e+13   3.0180e+00
5.7646e+13   3.0210e+00
5.7933e+13   3.0240e+00
5.8221e+13   3.0270e+00
5.8511e+13   3.0300e+00
5.8802e+13   3.0330e+00
5.9095e+13   3.0360e+00
5.9389e+13   3.0390e+00
5.9685e+13   3.0420e+00
5.9983e+13   3.0450e+00
6.0282e+13   3.0480e+00
6.0583e+13   3.0510e+00
6.0885e+13   3.0540e+00
6.1189e+13   3.0570e+00
6.1495e+13   3.0600e+00
6.1802e+13   3.0630e+00
6.2111e+13   3.0660e+00
6.2422e+13   3.0690e+00
6.2734e+13   3.0720e+00
6.3048e+13   3.0750e+00
6.3363e+13   3.0780e+00
6.3681e+13   3.0810e+00
6.4000e+13   3.0840e+00
6.4321e+13   3.0870e+00
6.4643e+13   3.0900e+00
6.4967e+13   3.0930e+00
6.5293e+13   3.0960e+00
6.5621e+13   3.0990e+00
6.5951e+13   3.1020e+00
6.6282e+13   3.1050e+00
6.6615e+13   3.1080e+00
6.6950e+13   3.1110e+00
6.7286e+13   3.1140e+00
6.7625e+13   3.1170e+00
6.7965e+13   3.1200e+00
6.8307e+13   3.1230e+00
6.8652e+13   3.1260e+00
6.8997e+13   3.1290e+00
6.9345e+13   3.1320e+00
6.9695e+13   3.1350e+00
7.0046e+13   3.1380e+00
7.0400e+13   3.1410e+00
1.4684e+14   3.1440e+00
1.4786e+14   3.1470e+00
1.4861e+14   3.1500e+00
1.4936e+14   3.1530e+00
1.5011e+14   3.1560e+00
1.5087e+14   3.1590e+00
1.5163e+14   3.1620e+00
1.5240e+14   3.1650e+00
1.5317e+14   3.1680e+00
1.5394e+14   3.1710e+00
1.5472e+14   3.1740e+00
1.5550e+14   3.1770e+00
1.5629e+14   3.1800e+00
1.5708e+14   3.1830e+00
1.5787e+14   3.1860e+00
1.5867e+14   3.1890e+00
1.5948e+14   3.1920e+00
1.6029e+14   3.1950e+00
1.6110e+14   3.1980e+00
1.6192e+14   3.2010e+00
1.6274e+14   3.2040e+00
1.6356e+14   3.2070e+00
1.6439e+14   3.2100e+00
1.6523e+14   3.2130e+00
1.6607e+14   3.2160e+00
1.6691e+14   3.2190e+00
1.6776e+14   3.2220e+00
1.6861e+14   3.2250e+00
1.6947e+14   3.2280e+00
1.7034e+14   3.2310e+00
1.7120e+14   3.2340e+00
1.7208e+14   3.2370e+00
1.7295e+14   3.2400e+00
1.7383e+14   3.2430e+00
1.2119e+14   3.2460e+00
1.2181e+14   3.2490e+00
1.2243e+14   3.2520e+00
1.2305e+14   3.2550e+00
1.2368e+14   3.2580e+00
1.2431e+14   3.2610e+00
1.2495e+14   3.2640e+00
1.2559e+14   3.2670e+00
1.2623e+14   3.2700e+00
1.2688e+14   3.2730e+00
1.2753e+14   3.2760e+00
1.2818e+14   3.2790e+00
1.2884e+14   3.2820e+00
1.2950e+14   3.2850e+00
1.3016e+14   3.2880e+00
1.3083e+14   3.2910e+00
1.3150e+14   3.2940e+00
1.3217e+14   3.2970e+00
1.3285e+14   3.3000e+00
1.3353e+14   3.3030e+00
1.3422e+14   3.3060e+00
1.3491e+14   3.3090e+00
1.3560e+14   3.3120e+00
1.3630e+14   3.3150e+00
1.3700e+14   3.3180e+00
1.3771e+14   3.3210e+00
1.3842e+14   3.3240e+00
1.3913e+14   3.3270e+00
1.3985e+14   3.3300e+00
1.4057e+14   3.3330e+00
1.4129e+14   3.3360e+00
1.4202e+14   3.3390e+00
1.4275e+14   3.3420e+00
1.4349e+14   3.3450e+00
1.4423e+14   3.3480e+00
1.4498e+14   3.3510e+00
1.4573e+14   3.3540e+00
1.4648e+14   3.3570e+00
1.4724e+14   3.3600e+00
1.4800e+14   3.3630e+00
1.4876e+14   3.3660e+00
1.4954e+14   3.3690e+00
1.5031e+14   3.3720e+00
1.5109e+14   3.3750e+00
1.5187e+14   3.3780e+00
1.5266e+14   3.3810e+00
1.5345e+14   3.3840e+00
1.5425e+14   3.3870e+00
1.5505e+14   3.3900e+00
1.5585e+14   3.3930e+00
1.5666e+14   3.3960e+00
1.5748e+14   3.3990e+00
1.5829e+14   3.4020e+00
1.5912e+14   3.4050e+00
1.5995e+14   3.4080e+00
1.6078e+14   3.4110e+00
1.6161e+14   3.4140e+00
1.6246e+14   3.4170e+00
1.6330e+14   3.4200e+00
1.6415e+14   3.4230e+00
1.6501e+14   3.4260e+00
1.6587e+14   3.4290e+00
1.6674e+14   3.4320e+00
1.6761e+14   3.4350e+00
1.6848e+14   3.4380e+00
1.6936e+14   3.4410e+00
1.7025e+14   3.4440e+00
1.7113e+14   3.4470e+00
1.7203e+14   3.4500e+00
1.7293e+14   3.4530e+00
1.7383e+14   3.4560e+00
1.7474e+14   3.4590e+00
1.7566e+14   3.4620e+00
1.7658e+14   3.4650e+00
1.7750e+14   3.4680e+00
1.7843e+14   3.4710e+00
1.7937e+14   3.4740e+00
1.8031e+14   3.4770e+00
1.8126e+14   3.4800e+00
1.8221e+14   3.4830e+00
1.8317e+14   3.4860e+00
1.8413e+14   3.4890e+00
1.8509e+14   3.4920e+00
1.8607e+14   3.4950e+00
1.8705e+14   3.4980e+00
1.8803e+14   3.5010e+00
1.8902e+14   3.5040e+00
1.9001e+14   3.5070e+00
1.9102e+14   3.5100e+00
1.9202e+14   3.5130e+00
1.9303e+14   3.5160e+00
1.9405e+14   3.5190e+00
1.9507e+14   3.5220e+00
1.9610e+14   3.5250e+00
1.9714e+14   3.5280e+00
1.9818e+14   3.5310e+00
1.9923e+14   3.5340e+00
2.0028e+14   3.5370e+00
2.0134e+14   3.5400e+00
2.0240e+14   3.5430e+00
2.0347e+14   3.5460e+00
2.0455e+14   3.5490e+00
2.0563e+14   3.5520e+00
2.0672e+14   3.5550e+00
2.0781e+14   3.5580e+00
2.0891e+14   3.5610e+00
2.1002e+14   3.5640e+00
2.1114e+14   3.5670e+00
2.1226e+14   3.5700e+00
2.1338e+14   3.5730e+00
2.1451e+14   3.5760e+00
2.1565e+14   3.5790e+00
2.1680e+14   3.5820e+00
2.1795e+14   3.5850e+00
2.1911e+14   3.5880e+00
2.2027e+14   3.5910e+00
2.2144e+14   3.5940e+00
2.2262e+14   3.5970e+00
2.2381e+14   3.6000e+00
2.2500e+14   3.6030e+00
2.2620e+14   3.6060e+00
2.2740e+14   3.6090e+00
2.2862e+14   3.6120e+00
2.2983e+14   3.6150e+00
2.3106e+14   3.6180e+00
2.3229e+14   3.6210e+00
2.3353e+14   3.6240e+00
2.3478e+14   3.6270e+00
2.3603e+14   3.6300e+00
2.3729e+14   3.6330e+00
2.3856e+14   3.6360e+00
2.3984e+14   3.6390e+00
2.4112e+14   3.6420e+00
2.4241e+14   3.6450e+00
2.4371e+14   3.6480e+00
2.4501e+14   3.6510e+00
2.4633e+14   3.6540e+00
2.4765e+14   3.6570e+00
2.4897e+14   3.6600e+00
2.5031e+14   3.6630e+00
2.5165e+14   3.6660e+00
2.5300e+14   3.6690e+00
2.5436e+14   3.6720e+00
2.5572e+14   3.6750e+00
2.5710e+14   3.6780e+00
2.5848e+14   3.6810e+00
2.5987e+14   3.6840e+00
2.6126e+14   3.6870e+00
2.6267e+14   3.6900e+00
2.6408e+14   3.6930e+00
2.6550e+14   3.6960e+00
2.6693e+14   3.6990e+00
2.6837e+14   3.7020e+00
2.6982e+14   3.7050e+00
2.7127e+14   3.7080e+00
2.7273e+14   3.7110e+00
2.7420e+14   3.7140e+00
2.7568e+14   3.7170e+00
2.7717e+14   3.7200e+00
2.7867e+14   3.7230e+00
2.8017e+14   3.7260e+00
2.8169e+14   3.7290e+00
2.8321e+14   3.7320e+00
2.8474e+14   3.7350e+00
2.8628e+14   3.7380e+00
2.8783e+14   3.7410e+00
2.8939e+14   3.7440e+00
2.9095e+14   3.7470e+00
2.9253e+14   3.7500e+00
2.9411e+14   3.7530e+00
2.9571e+14   3.7560e+00
2.9731e+14   3.7590e+00
2.9892e+14   3.7620e+00
3.0054e+14   3.7650e+00
3.0217e+14   3.7680e+00
3.0381e+14   3.7710e+00
3.0546e+14   3.7740e+00
3.0712e+14   3.7770e+00
3.0879e+14   3.7800e+00
3.1047e+14   3.7830e+00
3.1216e+14   3.7860e+00
3.1385e+14   3.7890e+00
3.1556e+14   3.7920e+00
3.1728e+14   3.7950e+00
3.1901e+14   3.7980e+00
3.2074e+14   3.8010e+00
3.2249e+14   3.8040e+00
3.2425e+14   3.8070e+00
3.2601e+14   3.8100e+00
3.2779e+14   3.8130e+00
3.2958e+14   3.8160e+00
3.3138e+14   3.8190e+00
3.3319e+14   3.8220e+00
3.3501e+14   3.8250e+00
3.3684e+14   3.8280e+00
3.3868e+14   3.8310e+00
3.4053e+14   3.8340e+00
3.4239e+14   3.8370e+00
3.4426e+14   3.8400e+00
3.4614e+14   3.8430e+00
3.4804e+14   3.8460e+00
3.4994e+14   3.8490e+00
3.5186e+14   3.8520e+00
3.5379e+14   3.8550e+00
3.5573e+14   3.8580e+00
3.5768e+14   3.8610e+00
3.5964e+14   3.8640e+00
3.6161e+14   3.8670e+00
3.6359e+14   3.8700e+00
3.6559e+14   3.8730e+00
3.6760e+14   3.8760e+00
3.6961e+14   3.8790e+00
3.7164e+14   3.8820e+00
3.7369e+14   3.8850e+00
3.7574e+14   3.8880e+00
3.7781e+14   3.8910e+00
3.7988e+14   3.8940e+00
3.8197e+14   3.8970e+00
3.8408e+14   3.9000e+00
3.8619e+14   3.9030e+00
3.8832e+14   3.9060e+00
3.9046e+14   3.9090e+00
3.9261e+14   3.9120e+00
3.9477e+14   3.9150e+00
3.9695e+14   3.9180e+00
3.9914e+14   3.9210e+00
4.0134e+14   3.9240e+00
4.0356e+14   3.9270e+00
4.0578e+14   3.9300e+00
4.0802e+14   3.9330e+00
4.1028e+14   3.9360e+00
4.1254e+14   3.9390e+00
4.1482e+14   3.9420e+00
4.1712e+14   3.9450e+00
4.1943e+14   3.9480e+00
4.2175e+14   3.9510e+00
4.2408e+14   3.9540e+00
4.2643e+14   3.9570e+00
4.2879e+14   3.9600e+00
4.3116e+14   3.9630e+00
4.3355e+14   3.9660e+00
4.3595e+14   3.9690e+00
4.3837e+14   3.9720e+00
4.4080e+14   3.9750e+00
4.4325e+14   3.9780e+00
4.4571e+14   3.9810e+00
4.4818e+14   3.9840e+00
4.5067e+14   3.9870e+00
4.5317e+14   3.9900e+00
4.5569e+14   3.9930e+00
4.5822e+14   3.9960e+00
4.6077e+14   3.9990e+00
4.6333e+14   4.0020e+00
4.6591e+14   4.0050e+00
4.6850e+14   4.0080e+00
4.7111e+14   4.0110e+00
4.7373e+14   4.0140e+00
4.7637e+14   4.0170e+00
4.7902e+14   4.0200e+00
4.8169e+14   4.0230e+00
4.8437e+14   4.0260e+00
4.8707e+14   4.0290e+00
4.8979e+14   4.0320e+00
4.9252e+14   4.0350e+00
4.9527e+14   4.0380e+00
4.9803e+14   4.0410e+00
5.0081e+14   4.0440e+00
5.0361e+14   4.0470e+00
5.0642e+14   4.0500e+00
5.0925e+14   4.0530e+00
5.1209e+14   4.0560e+00
5.1496e+14   4.0590e+00
5.1784e+14   4.0620e+00
5.2073e+14   4.0650e+00
5.2364e+14   4.0680e+00
5.2657e+14   4.0710e+00
5.2952e+14   4.0740e+00
5.3249e+14   4.0770e+00
5.3547e+14   4.0800e+00
5.3847e+14   4.0830e+00
5.4148e+14   4.0860e+00
5.4452e+14   4.0890e+00
5.4757e+14   4.0920e+00
5.5064e+14   4.0950e+00
5.5373e+14   4.0980e+00
5.5684e+14   4.1010e+00
5.5996e+14   4.1040e+00
5.6310e+14   4.1070e+00
5.6627e+14   4.1100e+00
5.6945e+14   4.1130e+00
5.7264e+14   4.1160e+00
5.7586e+14   4.1190e+00
5.7910e+14   4.1220e+00
5.8235e+14   4.1250e+00
5.8563e+14   4.1280e+00
5.8892e+14   4.1310e+00
5.9223e+14   4.1340e+00
5.9557e+14   4.1370e+00
5.9892e+14   4.1400e+00
6.0229e+14   4.1430e+00
6.0568e+14   4.1460e+00
6.0909e+14   4.1490e+00
6.1253e+14   4.1520e+00
6.1598e+14   4.1550e+00
6.1945e+14   4.1580e+00
6.2294e+14   4.1610e+00
6.2645e+14   4.1640e+00
6.2999e+14   4.1670e+00
6.3354e+14   4.1700e+00
6.3712e+14   4.1730e+00
6.4071e+14   4.1760e+00
6.4433e+14   4.1790e+00
6.4797e+14   4.1820e+00
6.5163e+14   4.1850e+00
6.5531e+14   4.1880e+00
6.5901e+14   4.1910e+00
6.6274e+14   4.1940e+00
6.6648e+14   4.1970e+00
6.7025e+14   4.2000e+00
6.7404e+14   4.2030e+00
6.7785e+14   4.2060e+00
6.8169e+14   4.2090e+00
6.8555e+14   4.2120e+00
6.8943e+14   4.2150e+00
6.9333e+14   4.2180e+00
6.9726e+14   4.2210e+00
7.0121e+14   4.2240e+00
7.0518e+14   4.2270e+00
7.0917e+14   4.2300e+00
7.1319e+14   4.2330e+00
7.1724e+14   4.2360e+00
7.2130e+14   4.2390e+00
7.2539e+14   4.2420e+00
7.2951e+14   4.2450e+00
7.3364e+14   4.2480e+00
7.3781e+14   4.2510e+00
7.4199e+14   4.2540e+00
7.4621e+14   4.2570e+00
7.5044e+14   4.2600e+00
7.5470e+14   4.2630e+00
7.5899e+14   4.2660e+00
7.6330e+14   4.2690e+00
7.6764e+14   4.2720e+00
7.7200e+14   4.2750e+00
7.7638e+14   4.2780e+00
7.8080e+14   4.2810e+00
7.8524e+14   4.2840e+00
7.8970e+14   4.2870e+00
7.9419e+14   4.2900e+00
7.9871e+14   4.2930e+00
8.0325e+14   4.2960e+00
8.0782e+14   4.2990e+00
8.1242e+14   4.3020e+00
8.1705e+14   4.3050e+00
8.2170e+14   4.3080e+00
8.2637e+14   4.3110e+00
8.3108e+14   4.3140e+00
8.3581e+14   4.3170e+00
8.4057e+14   4.3200e+00
8.4536e+14   4.3230e+00
8.5018e+14   4.3260e+00
8.5502e+14   4.3290e+00
8.5990e+14   4.3320e+00
8.6480e+14   4.3350e+00
8.6973e+14   4.3380e+00
8.7469e+14   4.3410e+00
8.7968e+14   4.3440e+00
8.8469e+14   4.3470e+00
8.8974e+14   4.3500e+00
8.9481e+14   4.3530e+00
8.9992e+14   4.3560e+00
9.0506e+14   4.3590e+00
9.1022e+14   4.3620e+00
9.1542e+14   4.3650e+00
9.2064e+14   4.3680e+00
9.2590e+14   4.3710e+00
9.3118e+14   4.3740e+00
9.3650e+14   4.3770e+00
9.4185e+14   4.3800e+00
9.4723e+14   4.3830e+00
9.5264e+14   4.3860e+00
9.5808e+14   4.3890e+00
9.6355e+14   4.3920e+00
9.6906e+14   4.3950e+00
9.7460e+14   4.3980e+00
9.8016e+14   4.4010e+00
9.8577e+14   4.4040e+00
9.9140e+14   4.4070e+00
9.9707e+14   4.4100e+00
1.0028e+15   4.4130e+00
1.0085e+15   4.4160e+00
1.0143e+15   4.4190e+00
1.0201e+15   4.4220e+00
1.0259e+15   4.4250e+00
1.0318e+15   4.4280e+00
1.0377e+15   4.4310e+00
1.0436e+15   4.4340e+00
1.0496e+15   4.4370e+00
1.0556e+15   4.4400e+00
1.0616e+15   4.4430e+00
1.0677e+15   4.4460e+00
1.0738e+15   4.4490e+00
1.0799e+15   4.4520e+00
1.0861e+15   4.4550e+00
1.0923e+15   4.4580e+00
1.0986e+15   4.4610e+00
1.1049e+15   4.4640e+00
1.1112e+15   4.4670e+00
1.1175e+15   4.4700e+00
1.1239e+15   4.4730e+00
1.1304e+15   4.4760e+00
1.1368e+15   4.4790e+00
1.1433e+15   4.4820e+00
1.1499e+15   4.4850e+00
1.1565e+15   4.4880e+00
1.1631e+15   4.4910e+00
1.1697e+15   4.4940e+00
1.1764e+15   4.4970e+00
1.1832e+15   4.5000e+00
1.1899e+15   4.5030e+00
1.1968e+15   4.5060e+00
1.2036e+15   4.5090e+00
1.2105e+15   4.5120e+00
1.2174e+15   4.5150e+00
1.2244e+15   4.5180e+00
1.2314e+15   4.5210e+00
1.2384e+15   4.5240e+00
1.2455e+15   4.5270e+00
1.2526e+15   4.5300e+00
1.2598e+15   4.5330e+00
1.2670e+15   4.5360e+00
1.2743e+15   4.5390e+00
1.2816e+15   4.5420e+00
1.2889e+15   4.5450e+00
1.2963e+15   4.5480e+00
1.3037e+15   4.5510e+00
1.3111e+15   4.5540e+00
1.3186e+15   4.5570e+00
1.3262e+15   4.5600e+00
1.3338e+15   4.5630e+00
1.3414e+15   4.5660e+00
1.3491e+15   4.5690e+00
1.3568e+15   4.5720e+00
1.3645e+15   4.5750e+00
1.3723e+15   4.5780e+00
1.3802e+15   4.5810e+00
1.3880e+15   4.5840e+00
1.3960e+15   4.5870e+00
1.4039e+15   4.5900e+00
1.4120e+15   4.5930e+00
1.4200e+15   4.5960e+00
1.4281e+15   4.5990e+00
1.4363e+15   4.6020e+00
1.4445e+15   4.6050e+00
1.4527e+15   4.6080e+00
1.4610e+15   4.6110e+00
1.4694e+15   4.6140e+00
1.4778e+15   4.6170e+00
1.4862e+15   4.6200e+00
1.4947e+15   4.6230e+00
1.5032e+15   4.6260e+00
1.5118e+15   4.6290e+00
1.5204e+15   4.6320e+00
1.5290e+15   4.6350e+00
1.5377e+15   4.6380e+00
1.5465e+15   4.6410e+00
1.5553e+15   4.6440e+00
1.5642e+15   4.6470e+00
1.5731e+15   4.6500e+00
1.5820e+15   4.6530e+00
1.5910e+15   4.6560e+00
1.6001e+15   4.6590e+00
1.6092e+15   4.6620e+00
1.6183e+15   4.6650e+00
1.6275e+15   4.6680e+00
1.6368e+15   4.6710e+00
1.6461e+15   4.6740e+00
1.6555e+15   4.6770e+00
1.6649e+15   4.6800e+00
1.6743e+15   4.6830e+00
1.6838e+15   4.6860e+00
1.6934e+15   4.6890e+00
1.7030e+15   4.6920e+00
1.7126e+15   4.6950e+00
1.7223e+15   4.6980e+00
1.7321e+15   4.7010e+00
1.7419e+15   4.7040e+00
1.7518e+15   4.7070e+00
1.7617e+15   4.7100e+00
1.7717e+15   4.7130e+00
1.7817e+15   4.7160e+00
1.7918e+15   4.7190e+00
1.8019e+15   4.7220e+00
1.8121e+15   4.7250e+00
1.8223e+15   4.7280e+00
1.8326e+15   4.7310e+00
1.8430e+15   4.7340e+00
1.8534e+15   4.7370e+00
1.8638e+15   4.7400e+00
1.8744e+15   4.7430e+00
1.8849e+15   4.7460e+00
1.8955e+15   4.7490e+00
1.9062e+15   4.7520e+00
1.9170e+15   4.7550e+00
1.9277e+15   4.7580e+00
1.9386e+15   4.7610e+00
1.9495e+15   4.7640e+00
1.9604e+15   4.7670e+00
1.9715e+15   4.7700e+00
1.9825e+15   4.7730e+00
1.9936e+15   4.7760e+00
2.0048e+15   4.7790e+00
2.0161e+15   4.7820e+00
2.0274e+15   4.7850e+00
2.0387e+15   4.7880e+00
2.0501e+15   4.7910e+00
2.0616e+15   4.7940e+00
2.0731e+15   4.7970e+00
2.0847e+15   4.8000e+00
2.0964e+15   4.8030e+00
2.1081e+15   4.8060e+00
2.1198e+15   4.8090e+00
2.1316e+15   4.8120e+00
2.1435e+15   4.8150e+00
2.1554e+15   4.8180e+00
2.1674e+15   4.8210e+00
2.1795e+15   4.8240e+00
2.1916e+15   4.8270e+00
2.2038e+15   4.8300e+00
2.2160e+15   4.8330e+00
2.2283e+15   4.8360e+00
2.2407e+15   4.8390e+00
2.2531e+15   4.8420e+00
2.2655e+15   4.8450e+00
2.2781e+15   4.8480e+00
2.2907e+15   4.8510e+00
2.3033e+15   4.8540e+00
2.3160e+15   4.8570e+00
2.3288e+15   4.8600e+00
2.3416e+15   4.8630e+00
2.3545e+15   4.8660e+00
2.3675e+15   4.8690e+00
2.3805e+15   4.8720e+00
2.3936e+15   4.8750e+00
2.4067e+15   4.8780e+00
2.4199e+15   4.8810e+00
2.4332e+15   4.8840e+00
2.4465e+15   4.8870e+00
2.4599e+15   4.8900e+00
2.4733e+15   4.8930e+00
2.4868e+15   4.8960e+00
2.5004e+15   4.8990e+00
2.5140e+15   4.9020e+00
2.5277e+15   4.9050e+00
2.5415e+15   4.9080e+00
2.5553e+15   4.9110e+00
2.5692e+15   4.9140e+00
2.5831e+15   4.9170e+00
2.5971e+15   4.9200e+00
2.6112e+15   4.9230e+00
2.6253e+15   4.9260e+00
2.6395e+15   4.9290e+00
2.6537e+15   4.9320e+00
2.6680e+15   4.9350e+00
2.6824e+15   4.9380e+00
2.6968e+15   4.9410e+00
2.7113e+15   4.9440e+00
2.7258e+15   4.9470e+00
2.7405e+15   4.9500e+00
2.7551e+15   4.9530e+00
2.7699e+15   4.9560e+00
2.7847e+15   4.9590e+00
2.7995e+15   4.9620e+00
2.8144e+15   4.9650e+00
2.8294e+15   4.9680e+00
2.8444e+15   4.9710e+00
2.8595e+15   4.9740e+00
2.8747e+15   4.9770e+00
2.8899e+15   4.9800e+00
2.9052e+15   4.9830e+00
2.9205e+15   4.9860e+00
2.9359e+15   4.9890e+00
2.9514e+15   4.9920e+00
2.9669e+15   4.9950e+00
2.9825e+15   4.9980e+00
2.9981e+15   5.0010e+00
3.0138e+15   5.0040e+00
3.0296e+15   5.0070e+00
3.0454e+15   5.0100e+00
3.0612e+15   5.0130e+00
3.0772e+15   5.0160e+00
3.0932e+15   5.0190e+00
3.1092e+15   5.0220e+00
3.1253e+15   5.0250e+00
3.1415e+15   5.0280e+00
3.1577e+15   5.0310e+00
3.1739e+15   5.0340e+00
3.1903e+15   5.0370e+00
3.2066e+15   5.0400e+00
3.2231e+15   5.0430e+00
3.2396e+15   5.0460e+00
3.2561e+15   5.0490e+00
3.2727e+15   5.0520e+00
3.2894e+15   5.0550e+00
3.3061e+15   5.0580e+00
3.3228e+15   5.0610e+00
3.3396e+15   5.0640e+00
3.3565e+15   5.0670e+00
3.3734e+15   5.0700e+00
3.3904e+15   5.0730e+00
3.4074e+15   5.0760e+00
3.4244e+15   5.0790e+00
3.4416e+15   5.0820e+00
3.4587e+15   5.0850e+00
3.4759e+15   5.0880e+00
3.4932e+15   5.0910e+00
3.5105e+15   5.0940e+00
3.5278e+15   5.0970e+00
3.5452e+15   5.1000e+00
3.5627e+15   5.1030e+00
3.5802e+15   5.1060e+00
3.5977e+15   5.1090e+00
3.6153e+15   5.1120e+00
3.6329e+15   5.1150e+00
3.6505e+15   5.1180e+00
3.6682e+15   5.1210e+00
3.6860e+15   5.1240e+00
3.7037e+15   5.1270e+00
3.7215e+15   5.1300e+00
3.7394e+15   5.1330e+00
3.7573e+15   5.1360e+00
3.7752e+15   5.1390e+00
3.7932e+15   5.1420e+00
3.8112e+15   5.1450e+00
3.8292e+15   5.1480e+00
3.8472e+15   5.1510e+00
3.8653e+15   5.1540e+00
3.8835e+15   5.1570e+00
3.9016e+15   5.1600e+00
3.9198e+15   5.1630e+00
3.9380e+15   5.1660e+00
3.9562e+15   5.1690e+00
3.9745e+15   5.1720e+00
3.9927e+15   5.1750e+00
4.0110e+15   5.1780e+00
4.0294e+15   5.1810e+00
4.0477e+15   5.1840e+00
4.0661e+15   5.1870e+00
4.0845e+15   5.1900e+00
4.1028e+15   5.1930e+00
4.1213e+15   5.1960e+00
4.1397e+15   5.1990e+00
4.1581e+15   5.2020e+00
4.1766e+15   5.2050e+00
4.1950e+15   5.2080e+00
4.2135e+15   5.2110e+00
4.2319e+15   5.2140e+00
4.2504e+15   5.2170e+00
4.2689e+15   5.2200e+00
4.2874e+15   5.2230e+00
4.3059e+15   5.2260e+00
4.3243e+15   5.2290e+00
4.3428e+15   5.2320e+00
4.3613e+15   5.2350e+00
4.3797e+15   5.2380e+00
4.3982e+15   5.2410e+00
4.4166e+15   5.2440e+00
4.4351e+15   5.2470e+00
4.4535e+15   5.2500e+00
4.4719e+15   5.2530e+00
4.4903e+15   5.2560e+00
4.5086e+15   5.2590e+00
4.5270e+15   5.2620e+00
4.5453e+15   5.2650e+00
4.5636e+15   5.2680e+00
4.5818e+15   5.2710e+00
4.6001e+15   5.2740e+00
4.6183e+15   5.2770e+00
4.6364e+15   5.2800e+00
4.6546e+15   5.2830e+00
4.6726e+15   5.2860e+00
4.6907e+15   5.2890e+00
4.7087e+15   5.2920e+00
4.7267e+15   5.2950e+00
4.7446e+15   5.2980e+00
4.7624e+15   5.3010e+00
4.7802e+15   5.3040e+00
4.7980e+15   5.3070e+00
4.8156e+15   5.3100e+00
4.8333e+15   5.3130e+00
4.8508e+15   5.3160e+00
4.8683e+15   5.3190e+00
4.8857e+15   5.3220e+00
4.9031e+15   5.3250e+00
4.9203e+15   5.3280e+00
4.9375e+15   5.3310e+00
4.9546e+15   5.3340e+00
5.0633e+15   5.3370e+00
5.0772e+15   5.3400e+00
5.0910e+15   5.3430e+00
5.1047e+15   5.3460e+00
5.1182e+15   5.3490e+00
5.1316e+15   5.3520e+00
5.1448e+15   5.3550e+00
5.1579e+15   5.3580e+00
5.1709e+15   5.3610e+00
5.1837e+15   5.3640e+00
5.1963e+15   5.3670e+00
5.2088e+15   5.3700e+00
5.2212e+15   5.3730e+00
5.2333e+15   5.3760e+00
5.2454e+15   5.3790e+00
5.2572e+15   5.3820e+00
5.2689e+15   5.3850e+00
5.2804e+15   5.3880e+00
5.2917e+15   5.3910e+00
5.3028e+15   5.3940e+00
5.3138e+15   5.3970e+00
5.3246e+15   5.4000e+00
5.3351e+15   5.4030e+00
5.3455e+15   5.4060e+00
5.3557e+15   5.4090e+00
5.3657e+15   5.4120e+00
5.3754e+15   5.4150e+00
5.3850e+15   5.4180e+00
5.3943e+15   5.4210e+00
5.4035e+15   5.4240e+00
5.4124e+15   5.4270e+00
5.4211e+15   5.4300e+00
5.4295e+15   5.4330e+00
1.1285e+16   5.4360e+00
1.1298e+16   5.4390e+00
1.1288e+16   5.4420e+00
1.1278e+16   5.4450e+00
1.1266e+16   5.4480e+00
1.1254e+16   5.4510e+00
1.1240e+16   5.4540e+00
1.1226e+16   5.4570e+00
1.1211e+16   5.4600e+00
1.1195e+16   5.4630e+00
1.1178e+16   5.4660e+00
1.1160e+16   5.4690e+00
1.1141e+16   5.4720e+00
1.1121e+16   5.4750e+00
1.1100e+16   5.4780e+00
1.1079e+16   5.4810e+00
1.1056e+16   5.4840e+00
1.1032e+16   5.4870e+00
1.1008e+16   5.4900e+00
1.0982e+16   5.4930e+00
1.0956e+16   5.4960e+00
1.0928e+16   5.4990e+00
1.0899e+16   5.5020e+00
1.0870e+16   5.5050e+00
1.0839e+16   5.5080e+00
1.0807e+16   5.5110e+00
1.0774e+16   5.5140e+00
1.0740e+16   5.5170e+00
1.0705e+16   5.5200e+00
1.0669e+16   5.5230e+00
1.0632e+16   5.5260e+00
1.0594e+16   5.5290e+00
1.0554e+16   5.5320e+00
1.0514e+16   5.5350e+00
7.2638e+15   5.5380e+00
7.2342e+15   5.5410e+00
7.2038e+15   5.5440e+00
7.1726e+15   5.5470e+00
7.1406e+15   5.5500e+00
7.1079e+15   5.5530e+00
7.0743e+15   5.5560e+00
7.0399e+15   5.5590e+00
7.0048e+15   5.5620e+00
6.9688e+15   5.5650e+00
6.9320e+15   5.5680e+00
6.8943e+15   5.5710e+00
6.8559e+15   5.5740e+00
6.8166e+15   5.5770e+00
6.7766e+15   5.5800e+00
6.7356e+15   5.5830e+00
6.6939e+15   5.5860e+00
6.6513e+15   5.5890e+00
6.6079e+15   5.5920e+00
6.5637e+15   5.5950e+00
6.5186e+15   5.5980e+00
6.4727e+15   5.6010e+00
6.4260e+15   5.6040e+00
6.3784e+15   5.6070e+00
6.3300e+15   5.6100e+00
6.2808e+15   5.6130e+00
6.2307e+15   5.6160e+00
6.1798e+15   5.6190e+00
6.1280e+15   5.6220e+00
6.0755e+15   5.6250e+00
6.0221e+15   5.6280e+00
5.9678e+15   5.6310e+00
5.9128e+15   5.6340e+00
5.8569e+15   5.6370e+00
5.8002e+15   5.6400e+00
5.7428e+15   5.6430e+00
5.6845e+15   5.6460e+00
5.6254e+15   5.6490e+00
5.5655e+15   5.6520e+00
5.5048e+15   5.6550e+00
5.4433e+15   5.6580e+00
5.3811e+15   5.6610e+00
5.3181e+15   5.6640e+00
5.2543e+15   5.6670e+00
5.1898e+15   5.6700e+00
5.1246e+15   5.6730e+00
5.0586e+15   5.6760e+00
4.9919e+15   5.6790e+00
4.9244e+15   5.6820e+00
4.8563e+15   5.6850e+00
4.7875e+15   5.6880e+00
4.7180e+15   5.6910e+00
4.6479e+15   5.6940e+00
4.5771e+15   5.6970e+00
4.5057e+15   5.7000e+00
4.4337e+15   5.7030e+00
4.3610e+15   5.7060e+00
4.2878e+15   5.7090e+00
4.2141e+15   5.7120e+00
4.1397e+15   5.7150e+00
4.0649e+15   5.7180e+00
3.9896e+15   5.7210e+00
3.9137e+15   5.7240e+00
3.8375e+15   5.7270e+00
3.7607e+15   5.7300e+00
3.6836e+15   5.7330e+00
3.6061e+15   5.7360e+00
3.5282e+15   5.7390e+00
3.4500e+15   5.7420e+00
3.3715e+15   5.7450e+00
3.2927e+15   5.7480e+00
3.2137e+15   5.7510e+00
3.1344e+15   5.7540e+00
3.0550e+15   5.7570e+00
1.8463e+16   5.7600e+00
1.5978e+16   5.7630e+00
1.3505e+16   5.7660e+00
1.1200e+16   5.7690e+00
9.0732e+15   5.7720e+00
7.1309e+15   5.7750e+00
5.3816e+15   5.7780e+00
3.8341e+15   5.7810e+00
2.4973e+15   5.7840e+00
1.3808e+15   5.7870e+00
4.8778e+14   5.7900e+00
