Dia: 1.2 m | Vel: 21.2 km/s | theta: 25.0 deg | Strength: 2.0e+05 Pa
Power (W)    Altitude (m)
7.0626e+08   8.9973e+04
7.0795e+08   8.9946e+04
7.0965e+08   8.9919e+04
7.1134e+08   8.9892e+04
7.1304e+08   8.9866e+04
7.1475e+08   8.9839e+04
7.1646e+08   8.9812e+04
7.1817e+08   8.9785e+04
7.1989e+08   8.9758e+04
7.2162e+08   8.9731e+04
7.2334e+08   8.9704e+04
7.2508e+08   8.9677e+04
7.2681e+08   8.9651e+04
7.2855e+08   8.9624e+04
7.3030e+08   8.9597e+04
7.3205e+08   8.9570e+04
7.3380e+08   8.9543e+04
7.3556e+08   8.9516e+04
7.3732e+08   8.9489e+04
7.3909e+08   8.9463e+04
7.4086e+08   8.9436e+04
7.4264e+08   8.9409e+04
7.4442e+08   8.9382e+04
7.4621e+08   8.9355e+04
7.4800e+08   8.9328e+04
7.4979e+08   8.9301e+04
7.5159e+08   8.9274e+04
7.5339e+08   8.9248e+04
7.5520e+08   8.9221e+04
7.5702e+08   8.9194e+04
7.5883e+08   8.9167e+04
7.6066e+08   8.9140e+04
7.6248e+08   8.9113e+04
7.6431e+08   8.9086e+04
7.6615e+08   8.9060e+04
7.6799e+08   8.9033e+04
7.6984e+08   8.9006e+04
7.7169e+08   8.8979e+04
7.7354e+08   8.8952e+04
7.7540e+08   8.8925e+04
7.7727e+08   8.8898e+04
7.7913e+08   8.8872e+04
7.8101e+08   8.8845e+04
7.8289e+08   8.8818e+04
7.8477e+08   8.8791e+04
7.8666e+08   8.8764e+04
7.8855e+08   8.8737e+04
7.9045e+08   8.8710e+04
7.9235e+08   8.8684e+04
7.9426e+08   8.8657e+04
7.9617e+08   8.8630e+04
7.9809e+08   8.8603e+04
8.0001e+08   8.8576e+04
8.0194e+08   8.8549e+04
8.0387e+08   8.8522e+04
8.0581e+08   8.8496e+04
8.0775e+08   8.8469e+04
8.0970e+08   8.8442e+04
8.1165e+08   8.8415e+04
8.1361e+08   8.8388e+04
8.1557e+08   8.8361e+04
8.1753e+08   8.8334e+04
8.1951e+08   8.8308e+04
8.2148e+08   8.8281e+04
8.2346e+08   8.8254e+04
8.2545e+08   8.8227e+04
8.2744e+08   8.8200e+04
8.2944e+08   8.8173e+04
8.3144e+08   8.8147e+04
8.3345e+08   8.8120e+04
8.3546e+08   8.8093e+04
8.3748e+08   8.8066e+04
8.3950e+08   8.8039e+04
8.4153e+08   8.8012e+04
8.4356e+08   8.7986e+04
8.4560e+08   8.7959e+04
8.4765e+08   8.7932e+04
8.4969e+08   8.7905e+04
8.5175e+08   8.7878e+04
8.5381e+08   8.7851e+04
8.5587e+08   8.7824e+04
8.5794e+08   8.7798e+04
8.6002e+08   8.7771e+04
8.6210e+08   8.7744e+04
8.6418e+08   8.7717e+04
8.6627e+08   8.7690e+04
8.6837e+08   8.7663e+04
8.7047e+08   8.7637e+04
8.7258e+08   8.7610e+04
8.7469e+08   8.7583e+04
8.7681e+08   8.7556e+04
8.7893e+08   8.7529e+04
8.8106e+08   8.7502e+04
8.8320e+08   8.7476e+04
8.8534e+08   8.7449e+04
8.8748e+08   8.7422e+04
8.8963e+08   8.7395e+04
8.9179e+08   8.7368e+04
8.9395e+08   8.7341e+04
8.9612e+08   8.7315e+04
8.9829e+08   8.7288e+04
9.0047e+08   8.7261e+04
9.0265e+08   8.7234e+04
9.0484e+08   8.7207e+04
9.0704e+08   8.7180e+04
9.0924e+08   8.7154e+04
9.1144e+08   8.7127e+04
9.1366e+08   8.7100e+04
9.1587e+08   8.7073e+04
9.1810e+08   8.7046e+04
9.2033e+08   8.7020e+04
9.2256e+08   8.6993e+04
9.2480e+08   8.6966e+04
9.2705e+08   8.6939e+04
9.2930e+08   8.6912e+04
9.3156e+08   8.6885e+04
9.3382e+08   8.6859e+04
9.3609e+08   8.6832e+04
9.3837e+08   8.6805e+04
9.4065e+08   8.6778e+04
9.4293e+08   8.6751e+04
9.4523e+08   8.6725e+04
9.4753e+08   8.6698e+04
9.4983e+08   8.6671e+04
9.5214e+08   8.6644e+04
9.5446e+08   8.6617e+04
9.5678e+08   8.6590e+04
9.5911e+08   8.6564e+04
9.6144e+08   8.6537e+04
9.6378e+08   8.6510e+04
9.6613e+08   8.6483e+04
9.6848e+08   8.6456e+04
9.7084e+08   8.6430e+04
9.7321e+08   8.6403e+04
9.7558e+08   8.6376e+04
9.7795e+08   8.6349e+04
9.8034e+08   8.6322e+04
9.8273e+08   8.6295e+04
9.8512e+08   8.6269e+04
9.8752e+08   8.6242e+04
9.8993e+08   8.6215e+04
9.9234e+08   8.6188e+04
9.9476e+08   8.6161e+04
9.9719e+08   8.6135e+04
9.9962e+08   8.6108e+04
1.0021e+09   8.6081e+04
1.0045e+09   8.6054e+04
1.0070e+09   8.6027e+04
1.0094e+09   8.6001e+04
1.0119e+09   8.5974e+04
1.0143e+09   8.5947e+04
1.0168e+09   8.5920e+04
1.0193e+09   8.5893e+04
1.0218e+09   8.5867e+04
1.0243e+09   8.5840e+04
1.0268e+09   8.5813e+04
1.0293e+09   8.5786e+04
1.0318e+09   8.5759e+04
1.0343e+09   8.5733e+04
1.0369e+09   8.5706e+04
1.0394e+09   8.5679e+04
1.0419e+09   8.5652e+04
1.0445e+09   8.5625e+04
1.0470e+09   8.5599e+04
1.0496e+09   8.5572e+04
1.0522e+09   8.5545e+04
1.0547e+09   8.5518e+04
1.0573e+09   8.5491e+04
1.0599e+09   8.5465e+04
1.0625e+09   8.5438e+04
1.0651e+09   8.5411e+04
1.0677e+09   8.5384e+04
1.0703e+09   8.5357e+04
1.0730e+09   8.5331e+04
1.0756e+09   8.5304e+04
1.0782e+09   8.5277e+04
1.0809e+09   8.5250e+04
1.0835e+09   8.5223e+04
1.0862e+09   8.5197e+04
1.0888e+09   8.5170e+04
1.0915e+09   8.5143e+04
1.0942e+09   8.5116e+04
1.0969e+09   8.5090e+04
1.0995e+09   8.5063e+04
1.1022e+09   8.5036e+04
1.1049e+09   8.5009e+04
1.1076e+09   8.4982e+04
1.1104e+09   8.4956e+04
1.1131e+09   8.4929e+04
1.1158e+09   8.4902e+04
1.1186e+09   8.4875e+04
1.1213e+09   8.4848e+04
1.1241e+09   8.4822e+04
1.1268e+09   8.4795e+04
1.1296e+09   8.4768e+04
1.1324e+09   8.4741e+04
1.1351e+09   8.4715e+04
1.1379e+09   8.4688e+04
1.1407e+09   8.4661e+04
1.1435e+09   8.4634e+04
1.1463e+09   8.4607e+04
1.1492e+09   8.4581e+04
1.1520e+09   8.4554e+04
1.1548e+09   8.4527e+04
1.1577e+09   8.4500e+04
1.1605e+09   8.4474e+04
1.1634e+09   8.4447e+04
1.1662e+09   8.4420e+04
1.1691e+09   8.4393e+04
1.1720e+09   8.4366e+04
1.1748e+09   8.4340e+04
1.1777e+09   8.4313e+04
1.1806e+09   8.4286e+04
1.1835e+09   8.4259e+04
1.1865e+09   8.4233e+04
1.1894e+09   8.4206e+04
1.1923e+09   8.4179e+04
1.1952e+09   8.4152e+04
1.1982e+09   8.4126e+04
1.2011e+09   8.4099e+04
1.2041e+09   8.4072e+04
1.2071e+09   8.4045e+04
1.2100e+09   8.4018e+04
1.2130e+09   8.3992e+04
1.2160e+09   8.3965e+04
1.2190e+09   8.3938e+04
1.2220e+09   8.3911e+04
1.2250e+09   8.3885e+04
1.2280e+09   8.3858e+04
1.2311e+09   8.3831e+04
1.2341e+09   8.3804e+04
1.2372e+09   8.3778e+04
1.2402e+09   8.3751e+04
1.2433e+09   8.3724e+04
1.2463e+09   8.3697e+04
1.2494e+09   8.3671e+04
1.2525e+09   8.3644e+04
1.2556e+09   8.3617e+04
1.2587e+09   8.3590e+04
1.2618e+09   8.3563e+04
1.2649e+09   8.3537e+04
1.2680e+09   8.3510e+04
1.2712e+09   8.3483e+04
1.2743e+09   8.3456e+04
1.2775e+09   8.3430e+04
1.2806e+09   8.3403e+04
1.2838e+09   8.3376e+04
1.2870e+09   8.3349e+04
1.2901e+09   8.3323e+04
1.2933e+09   8.3296e+04
1.2965e+09   8.3269e+04
1.2997e+09   8.3242e+04
1.3029e+09   8.3216e+04
1.3062e+09   8.3189e+04
1.3094e+09   8.3162e+04
1.3126e+09   8.3135e+04
1.3159e+09   8.3109e+04
1.3191e+09   8.3082e+04
1.3224e+09   8.3055e+04
1.3257e+09   8.3028e+04
1.3290e+09   8.3002e+04
1.3323e+09   8.2975e+04
1.3356e+09   8.2948e+04
1.3389e+09   8.2921e+04
1.3422e+09   8.2895e+04
1.3455e+09   8.2868e+04
1.3488e+09   8.2841e+04
1.3522e+09   8.2814e+04
1.3555e+09   8.2788e+04
1.3589e+09   8.2761e+04
1.3623e+09   8.2734e+04
1.3656e+09   8.2707e+04
1.3690e+09   8.2681e+04
1.3724e+09   8.2654e+04
1.3758e+09   8.2627e+04
1.3792e+09   8.2600e+04
1.3827e+09   8.2574e+04
1.3861e+09   8.2547e+04
1.3895e+09   8.2520e+04
1.3930e+09   8.2494e+04
1.3964e+09   8.2467e+04
1.3999e+09   8.2440e+04
1.4034e+09   8.2413e+04
1.4069e+09   8.2387e+04
1.4104e+09   8.2360e+04
1.4139e+09   8.2333e+04
1.4174e+09   8.2306e+04
1.4209e+09   8.2280e+04
1.4244e+09   8.2253e+04
1.4280e+09   8.2226e+04
1.4315e+09   8.2199e+04
1.4351e+09   8.2173e+04
1.4386e+09   8.2146e+04
1.4422e+09   8.2119e+04
1.4458e+09   8.2092e+04
1.4494e+09   8.2066e+04
1.4530e+09   8.2039e+04
1.4566e+09   8.2012e+04
1.4602e+09   8.1986e+04
1.4639e+09   8.1959e+04
1.4675e+09   8.1932e+04
1.4712e+09   8.1905e+04
1.4748e+09   8.1879e+04
1.4785e+09   8.1852e+04
1.4822e+09   8.1825e+04
1.4859e+09   8.1798e+04
1.4895e+09   8.1772e+04
1.4933e+09   8.1745e+04
1.4970e+09   8.1718e+04
1.5007e+09   8.1692e+04
1.5044e+09   8.1665e+04
1.5082e+09   8.1638e+04
1.5119e+09   8.1611e+04
1.5157e+09   8.1585e+04
1.5195e+09   8.1558e+04
1.5233e+09   8.1531e+04
1.5271e+09   8.1505e+04
1.5309e+09   8.1478e+04
1.5347e+09   8.1451e+04
1.5385e+09   8.1424e+04
1.5424e+09   8.1398e+04
1.5462e+09   8.1371e+04
1.5501e+09   8.1344e+04
1.5539e+09   8.1317e+04
1.5578e+09   8.1291e+04
1.5617e+09   8.1264e+04
1.5656e+09   8.1237e+04
1.5695e+09   8.1211e+04
1.5734e+09   8.1184e+04
1.5773e+09   8.1157e+04
1.5813e+09   8.1130e+04
1.5852e+09   8.1104e+04
1.5892e+09   8.1077e+04
1.5931e+09   8.1050e+04
1.5971e+09   8.1024e+04
1.6011e+09   8.0997e+04
1.6051e+09   8.0970e+04
1.6091e+09   8.0943e+04
1.6131e+09   8.0917e+04
1.6172e+09   8.0890e+04
1.6212e+09   8.0863e+04
1.6253e+09   8.0837e+04
1.6293e+09   8.0810e+04
1.6334e+09   8.0783e+04
1.6375e+09   8.0757e+04
1.6416e+09   8.0730e+04
1.6457e+09   8.0703e+04
1.6498e+09   8.0676e+04
1.6539e+09   8.0650e+04
1.6581e+09   8.0623e+04
1.6622e+09   8.0596e+04
1.6664e+09   8.0570e+04
1.6705e+09   8.0543e+04
1.6747e+09   8.0516e+04
1.6789e+09   8.0490e+04
1.6831e+09   8.0463e+04
1.6873e+09   8.0436e+04
1.6916e+09   8.0409e+04
1.6958e+09   8.0383e+04
1.7000e+09   8.0356e+04
1.7043e+09   8.0329e+04
1.7086e+09   8.0303e+04
1.7128e+09   8.0276e+04
1.7171e+09   8.0249e+04
1.7214e+09   8.0223e+04
1.7257e+09   8.0196e+04
1.7301e+09   8.0169e+04
1.7344e+09   8.0142e+04
1.7388e+09   8.0116e+04
1.7431e+09   8.0089e+04
1.7475e+09   8.0062e+04
1.7519e+09   8.0036e+04
1.7563e+09   8.0009e+04
1.7607e+09   7.9982e+04
1.7651e+09   7.9956e+04
1.7695e+09   7.9929e+04
1.7739e+09   7.9902e+04
1.7784e+09   7.9876e+04
1.7829e+09   7.9849e+04
1.7873e+09   7.9822e+04
1.7918e+09   7.9795e+04
1.7963e+09   7.9769e+04
1.8008e+09   7.9742e+04
1.8053e+09   7.9715e+04
1.8099e+09   7.9689e+04
1.8144e+09   7.9662e+04
1.8190e+09   7.9635e+04
1.8235e+09   7.9609e+04
1.8281e+09   7.9582e+04
1.8327e+09   7.9555e+04
1.8373e+09   7.9529e+04
1.8419e+09   7.9502e+04
1.8466e+09   7.9475e+04
1.8512e+09   7.9449e+04
1.8559e+09   7.9422e+04
1.8605e+09   7.9395e+04
1.8652e+09   7.9368e+04
1.8699e+09   7.9342e+04
1.8746e+09   7.9315e+04
1.8793e+09   7.9288e+04
1.8840e+09   7.9262e+04
1.8888e+09   7.9235e+04
1.8935e+09   7.9208e+04
1.8983e+09   7.9182e+04
1.9030e+09   7.9155e+04
1.9078e+09   7.9128e+04
1.9126e+09   7.9102e+04
1.9174e+09   7.9075e+04
1.9223e+09   7.9048e+04
1.9271e+09   7.9022e+04
1.9320e+09   7.8995e+04
1.9368e+09   7.8968e+04
1.9417e+09   7.8942e+04
1.9466e+09   7.8915e+04
1.9515e+09   7.8888e+04
1.9564e+09   7.8862e+04
1.9613e+09   7.8835e+04
1.9663e+09   7.8808e+04
1.9712e+09   7.8782e+04
1.9762e+09   7.8755e+04
1.9812e+09   7.8728e+04
1.9862e+09   7.8702e+04
1.9912e+09   7.8675e+04
1.9962e+09   7.8648e+04
2.0012e+09   7.8622e+04
2.0063e+09   7.8595e+04
2.0113e+09   7.8568e+04
2.0164e+09   7.8542e+04
2.0215e+09   7.8515e+04
2.0266e+09   7.8488e+04
2.0317e+09   7.8462e+04
2.0368e+09   7.8435e+04
2.0419e+09   7.8408e+04
2.0471e+09   7.8382e+04
2.0522e+09   7.8355e+04
2.0574e+09   7.8328e+04
2.0626e+09   7.8302e+04
2.0678e+09   7.8275e+04
2.0730e+09   7.8248e+04
2.0783e+09   7.8222e+04
2.0835e+09   7.8195e+04
2.0888e+09   7.8168e+04
2.0940e+09   7.8142e+04
2.0993e+09   7.8115e+04
2.1046e+09   7.8088e+04
2.1099e+09   7.8062e+04
2.1153e+09   7.8035e+04
2.1206e+09   7.8008e+04
2.1260e+09   7.7982e+04
2.1313e+09   7.7955e+04
2.1367e+09   7.7928e+04
2.1421e+09   7.7902e+04
2.1475e+09   7.7875e+04
2.1530e+09   7.7849e+04
2.1584e+09   7.7822e+04
2.1639e+09   7.7795e+04
2.1693e+09   7.7769e+04
2.1748e+09   7.7742e+04
2.1803e+09   7.7715e+04
2.1858e+09   7.7689e+04
2.1913e+09   7.7662e+04
2.1969e+09   7.7635e+04
2.2024e+09   7.7609e+04
2.2080e+09   7.7582e+04
2.2136e+09   7.7555e+04
2.2192e+09   7.7529e+04
2.2248e+09   7.7502e+04
2.2304e+09   7.7475e+04
2.2361e+09   7.7449e+04
2.2417e+09   7.7422e+04
2.2474e+09   7.7396e+04
2.2531e+09   7.7369e+04
2.2588e+09   7.7342e+04
2.2645e+09   7.7316e+04
2.2702e+09   7.7289e+04
2.2760e+09   7.7262e+04
2.2817e+09   7.7236e+04
2.2875e+09   7.7209e+04
2.2933e+09   7.7182e+04
2.2991e+09   7.7156e+04
2.3049e+09   7.7129e+04
2.3108e+09   7.7103e+04
2.3166e+09   7.7076e+04
2.3225e+09   7.7049e+04
2.3284e+09   7.7023e+04
2.3343e+09   7.6996e+04
2.3402e+09   7.6969e+04
2.3461e+09   7.6943e+04
2.3521e+09   7.6916e+04
2.3580e+09   7.6889e+04
2.3640e+09   7.6863e+04
2.3700e+09   7.6836e+04
2.3760e+09   7.6810e+04
2.3820e+09   7.6783e+04
2.3880e+09   7.6756e+04
2.3941e+09   7.6730e+04
2.4002e+09   7.6703e+04
2.4063e+09   7.6676e+04
2.4124e+09   7.6650e+04
2.4185e+09   7.6623e+04
2.4246e+09   7.6596e+04
2.4308e+09   7.6570e+04
2.4369e+09   7.6543e+04
2.4431e+09   7.6517e+04
2.4493e+09   7.6490e+04
2.4555e+09   7.6463e+04
2.4617e+09   7.6437e+04
2.4680e+09   7.6410e+04
2.4742e+09   7.6383e+04
2.4805e+09   7.6357e+04
2.4868e+09   7.6330e+04
2.4931e+09   7.6304e+04
2.4995e+09   7.6277e+04
2.5058e+09   7.6250e+04
2.5122e+09   7.6224e+04
2.5185e+09   7.6197e+04
2.5249e+09   7.6171e+04
2.5313e+09   7.6144e+04
2.5378e+09   7.6117e+04
2.5442e+09   7.6091e+04
2.5507e+09   7.6064e+04
2.5571e+09   7.6037e+04
2.5636e+09   7.6011e+04
2.5701e+09   7.5984e+04
2.5767e+09   7.5958e+04
2.5832e+09   7.5931e+04
2.5898e+09   7.5904e+04
2.5964e+09   7.5878e+04
2.6030e+09   7.5851e+04
2.6096e+09   7.5825e+04
2.6162e+09   7.5798e+04
2.6228e+09   7.5771e+04
2.6295e+09   7.5745e+04
2.6362e+09   7.5718e+04
2.6429e+09   7.5691e+04
2.6496e+09   7.5665e+04
2.6563e+09   7.5638e+04
2.6631e+09   7.5612e+04
2.6699e+09   7.5585e+04
2.6766e+09   7.5558e+04
2.6835e+09   7.5532e+04
2.6903e+09   7.5505e+04
2.6971e+09   7.5479e+04
2.7040e+09   7.5452e+04
2.7108e+09   7.5425e+04
2.7177e+09   7.5399e+04
2.7247e+09   7.5372e+04
2.7316e+09   7.5346e+04
2.7385e+09   7.5319e+04
2.7455e+09   7.5292e+04
2.7525e+09   7.5266e+04
2.7595e+09   7.5239e+04
2.7665e+09   7.5213e+04
2.7735e+09   7.5186e+04
2.7806e+09   7.5159e+04
2.7877e+09   7.5133e+04
2.7948e+09   7.5106e+04
2.8019e+09   7.5080e+04
2.8090e+09   7.5053e+04
2.8161e+09   7.5026e+04
2.8233e+09   7.5000e+04
2.8305e+09   7.4973e+04
2.8377e+09   7.4947e+04
2.8449e+09   7.4920e+04
2.8522e+09   7.4893e+04
2.8594e+09   7.4867e+04
2.8667e+09   7.4840e+04
2.8740e+09   7.4814e+04
2.8813e+09   7.4787e+04
2.8887e+09   7.4760e+04
2.8960e+09   7.4734e+04
2.9034e+09   7.4707e+04
2.9108e+09   7.4681e+04
2.9182e+09   7.4654e+04
2.9256e+09   7.4627e+04
2.9331e+09   7.4601e+04
2.9405e+09   7.4574e+04
2.9480e+09   7.4548e+04
2.9555e+09   7.4521e+04
2.9631e+09   7.4495e+04
2.9706e+09   7.4468e+04
2.9782e+09   7.4441e+04
2.9858e+09   7.4415e+04
2.9934e+09   7.4388e+04
3.0010e+09   7.4362e+04
3.0086e+09   7.4335e+04
3.0163e+09   7.4308e+04
3.0240e+09   7.4282e+04
3.0317e+09   7.4255e+04
3.0394e+09   7.4229e+04
3.0472e+09   7.4202e+04
3.0549e+09   7.4176e+04
3.0627e+09   7.4149e+04
3.0705e+09   7.4122e+04
3.0783e+09   7.4096e+04
3.0862e+09   7.4069e+04
3.0940e+09   7.4043e+04
3.1019e+09   7.4016e+04
3.1098e+09   7.3989e+04
3.1178e+09   7.3963e+04
3.1257e+09   7.3936e+04
3.1337e+09   7.3910e+04
3.1417e+09   7.3883e+04
3.1497e+09   7.3857e+04
3.1577e+09   7.3830e+04
3.1657e+09   7.3803e+04
3.1738e+09   7.3777e+04
3.1819e+09   7.3750e+04
3.1900e+09   7.3724e+04
3.1981e+09   7.3697e+04
3.2063e+09   7.3671e+04
3.2145e+09   7.3644e+04
3.2227e+09   7.3617e+04
3.2309e+09   7.3591e+04
3.2391e+09   7.3564e+04
3.2474e+09   7.3538e+04
3.2557e+09   7.3511e+04
3.2640e+09   7.3485e+04
3.2723e+09   7.3458e+04
3.2806e+09   7.3431e+04
3.2890e+09   7.3405e+04
3.2974e+09   7.3378e+04
3.3058e+09   7.3352e+04
3.3142e+09   7.3325e+04
3.3227e+09   7.3299e+04
3.3312e+09   7.3272e+04
3.3396e+09   7.3245e+04
3.3482e+09   7.3219e+04
3.3567e+09   7.3192e+04
3.3653e+09   7.3166e+04
3.3739e+09   7.3139e+04
3.3825e+09   7.3113e+04
3.3911e+09   7.3086e+04
3.3997e+09   7.3060e+04
3.4084e+09   7.3033e+04
3.4171e+09   7.3006e+04
3.4258e+09   7.2980e+04
3.4346e+09   7.2953e+04
3.4433e+09   7.2927e+04
3.4521e+09   7.2900e+04
3.4609e+09   7.2874e+04
3.4697e+09   7.2847e+04
3.4786e+09   7.2821e+04
3.4875e+09   7.2794e+04
3.4964e+09   7.2767e+04
3.5053e+09   7.2741e+04
3.5142e+09   7.2714e+04
3.5232e+09   7.2688e+04
3.5322e+09   7.2661e+04
3.5412e+09   7.2635e+04
3.5502e+09   7.2608e+04
3.5593e+09   7.2582e+04
3.5683e+09   7.2555e+04
3.5774e+09   7.2528e+04
3.5866e+09   7.2502e+04
3.5957e+09   7.2475e+04
3.6049e+09   7.2449e+04
3.6141e+09   7.2422e+04
3.6233e+09   7.2396e+04
3.6326e+09   7.2369e+04
3.6418e+09   7.2343e+04
3.6511e+09   7.2316e+04
3.6604e+09   7.2290e+04
3.6698e+09   7.2263e+04
3.6791e+09   7.2236e+04
3.6885e+09   7.2210e+04
3.6979e+09   7.2183e+04
3.7074e+09   7.2157e+04
3.7168e+09   7.2130e+04
3.7263e+09   7.2104e+04
3.7358e+09   7.2077e+04
3.7453e+09   7.2051e+04
3.7549e+09   7.2024e+04
3.7645e+09   7.1998e+04
3.7741e+09   7.1971e+04
3.7837e+09   7.1945e+04
3.7933e+09   7.1918e+04
3.8030e+09   7.1891e+04
3.8127e+09   7.1865e+04
3.8224e+09   7.1838e+04
3.8322e+09   7.1812e+04
3.8420e+09   7.1785e+04
3.8518e+09   7.1759e+04
3.8616e+09   7.1732e+04
3.8714e+09   7.1706e+04
3.8813e+09   7.1679e+04
3.8912e+09   7.1653e+04
3.9011e+09   7.1626e+04
3.9111e+09   7.1600e+04
3.9211e+09   7.1573e+04
3.9311e+09   7.1547e+04
3.9411e+09   7.1520e+04
3.9511e+09   7.1493e+04
3.9612e+09   7.1467e+04
3.9713e+09   7.1440e+04
3.9814e+09   7.1414e+04
3.9916e+09   7.1387e+04
4.0018e+09   7.1361e+04
4.0120e+09   7.1334e+04
4.0222e+09   7.1308e+04
4.0324e+09   7.1281e+04
4.0427e+09   7.1255e+04
4.0530e+09   7.1228e+04
4.0634e+09   7.1202e+04
4.0737e+09   7.1175e+04
4.0841e+09   7.1149e+04
4.0945e+09   7.1122e+04
4.1050e+09   7.1096e+04
4.1154e+09   7.1069e+04
4.1259e+09   7.1043e+04
4.1364e+09   7.1016e+04
4.1470e+09   7.0989e+04
4.1575e+09   7.0963e+04
4.1681e+09   7.0936e+04
4.1788e+09   7.0910e+04
4.1894e+09   7.0883e+04
4.2001e+09   7.0857e+04
4.2108e+09   7.0830e+04
4.2215e+09   7.0804e+04
4.2323e+09   7.0777e+04
4.2431e+09   7.0751e+04
4.2539e+09   7.0724e+04
4.2647e+09   7.0698e+04
4.2756e+09   7.0671e+04
4.2865e+09   7.0645e+04
4.2974e+09   7.0618e+04
4.3083e+09   7.0592e+04
4.3193e+09   7.0565e+04
4.3303e+09   7.0539e+04
4.3413e+09   7.0512e+04
4.3524e+09   7.0486e+04
4.3635e+09   7.0459e+04
4.3746e+09   7.0433e+04
4.3857e+09   7.0406e+04
4.3969e+09   7.0380e+04
4.4081e+09   7.0353e+04
4.4193e+09   7.0327e+04
4.4305e+09   7.0300e+04
4.4418e+09   7.0274e+04
4.4531e+09   7.0247e+04
4.4645e+09   7.0221e+04
4.4758e+09   7.0194e+04
4.4872e+09   7.0168e+04
4.4986e+09   7.0141e+04
4.5101e+09   7.0115e+04
4.5216e+09   7.0088e+04
4.5331e+09   7.0062e+04
4.5446e+09   7.0035e+04
4.5562e+09   7.0009e+04
4.5677e+09   6.9982e+04
4.5794e+09   6.9956e+04
4.5910e+09   6.9929e+04
4.6027e+09   6.9903e+04
4.6144e+09   6.9876e+04
4.6261e+09   6.9850e+04
4.6379e+09   6.9823e+04
4.6497e+09   6.9797e+04
4.6615e+09   6.9770e+04
4.6734e+09   6.9744e+04
4.6852e+09   6.9717e+04
4.6971e+09   6.9691e+04
4.7091e+09   6.9664e+04
4.7210e+09   6.9638e+04
4.7330e+09   6.9611e+04
4.7451e+09   6.9585e+04
4.7571e+09   6.9558e+04
4.7692e+09   6.9532e+04
4.7813e+09   6.9505e+04
4.7935e+09   6.9479e+04
4.8057e+09   6.9452e+04
4.8179e+09   6.9426e+04
4.8301e+09   6.9399e+04
4.8424e+09   6.9373e+04
4.8547e+09   6.9346e+04
4.8670e+09   6.9320e+04
4.8793e+09   6.9293e+04
4.8917e+09   6.9267e+04
4.9041e+09   6.9240e+04
4.9166e+09   6.9214e+04
4.9291e+09   6.9187e+04
4.9416e+09   6.9161e+04
4.9541e+09   6.9134e+04
4.9667e+09   6.9108e+04
4.9793e+09   6.9081e+04
4.9919e+09   6.9055e+04
5.0046e+09   6.9029e+04
5.0173e+09   6.9002e+04
5.0300e+09   6.8976e+04
5.0427e+09   6.8949e+04
5.0555e+09   6.8923e+04
5.0683e+09   6.8896e+04
5.0812e+09   6.8870e+04
5.0941e+09   6.8843e+04
5.1070e+09   6.8817e+04
5.1199e+09   6.8790e+04
5.1329e+09   6.8764e+04
5.1459e+09   6.8737e+04
5.1589e+09   6.8711e+04
5.1720e+09   6.8684e+04
5.1851e+09   6.8658e+04
5.1982e+09   6.8631e+04
5.2114e+09   6.8605e+04
5.2246e+09   6.8578e+04
5.2378e+09   6.8552e+04
5.2511e+09   6.8525e+04
5.2643e+09   6.8499e+04
5.2777e+09   6.8473e+04
5.2910e+09   6.8446e+04
5.3044e+09   6.8420e+04
5.3178e+09   6.8393e+04
5.3313e+09   6.8367e+04
5.3448e+09   6.8340e+04
5.3583e+09   6.8314e+04
5.3718e+09   6.8287e+04
5.3854e+09   6.8261e+04
5.3990e+09   6.8234e+04
5.4127e+09   6.8208e+04
5.4263e+09   6.8181e+04
5.4400e+09   6.8155e+04
5.4538e+09   6.8128e+04
5.4676e+09   6.8102e+04
5.4814e+09   6.8076e+04
5.4952e+09   6.8049e+04
5.5091e+09   6.8023e+04
5.5230e+09   6.7996e+04
5.5369e+09   6.7970e+04
5.5509e+09   6.7943e+04
5.5649e+09   6.7917e+04
5.5790e+09   6.7890e+04
5.5930e+09   6.7864e+04
5.6071e+09   6.7837e+04
5.6213e+09   6.7811e+04
5.6355e+09   6.7785e+04
5.6497e+09   6.7758e+04
5.6639e+09   6.7732e+04
5.6782e+09   6.7705e+04
5.6925e+09   6.7679e+04
5.7068e+09   6.7652e+04
5.7212e+09   6.7626e+04
5.7356e+09   6.7599e+04
5.7501e+09   6.7573e+04
5.7646e+09   6.7546e+04
5.7791e+09   6.7520e+04
5.7936e+09   6.7494e+04
5.8082e+09   6.7467e+04
5.8228e+09   6.7441e+04
5.8375e+09   6.7414e+04
5.8521e+09   6.7388e+04
5.8669e+09   6.7361e+04
5.8816e+09   6.7335e+04
5.8964e+09   6.7308e+04
5.9112e+09   6.7282e+04
5.9261e+09   6.7256e+04
5.9410e+09   6.7229e+04
5.9559e+09   6.7203e+04
5.9709e+09   6.7176e+04
5.9859e+09   6.7150e+04
6.0009e+09   6.7123e+04
6.0160e+09   6.7097e+04
6.0311e+09   6.7070e+04
6.0462e+09   6.7044e+04
6.0614e+09   6.7018e+04
6.0766e+09   6.6991e+04
6.0918e+09   6.6965e+04
6.1071e+09   6.6938e+04
6.1224e+09   6.6912e+04
6.1378e+09   6.6885e+04
6.1531e+09   6.6859e+04
6.1686e+09   6.6832e+04
6.1840e+09   6.6806e+04
6.1995e+09   6.6780e+04
6.2150e+09   6.6753e+04
6.2306e+09   6.6727e+04
6.2462e+09   6.6700e+04
6.2618e+09   6.6674e+04
6.2775e+09   6.6647e+04
6.2932e+09   6.6621e+04
6.3089e+09   6.6595e+04
6.3247e+09   6.6568e+04
6.3405e+09   6.6542e+04
6.3564e+09   6.6515e+04
6.3723e+09   6.6489e+04
6.3882e+09   6.6462e+04
6.4041e+09   6.6436e+04
6.4201e+09   6.6410e+04
6.4362e+09   6.6383e+04
6.4522e+09   6.6357e+04
6.4683e+09   6.6330e+04
6.4845e+09   6.6304e+04
6.5006e+09   6.6277e+04
6.5169e+09   6.6251e+04
6.5331e+09   6.6225e+04
6.5494e+09   6.6198e+04
6.5657e+09   6.6172e+04
6.5821e+09   6.6145e+04
6.5985e+09   6.6119e+04
6.6149e+09   6.6092e+04
6.6314e+09   6.6066e+04
6.6479e+09   6.6040e+04
6.6644e+09   6.6013e+04
6.6810e+09   6.5987e+04
6.6976e+09   6.5960e+04
6.7143e+09   6.5934e+04
6.7310e+09   6.5908e+04
6.7477e+09   6.5881e+04
6.7645e+09   6.5855e+04
6.7813e+09   6.5828e+04
6.7981e+09   6.5802e+04
6.8150e+09   6.5775e+04
6.8319e+09   6.5749e+04
6.8489e+09   6.5723e+04
6.8659e+09   6.5696e+04
6.8829e+09   6.5670e+04
6.9000e+09   6.5643e+04
6.9171e+09   6.5617e+04
6.9342e+09   6.5591e+04
6.9514e+09   6.5564e+04
6.9686e+09   6.5538e+04
6.9859e+09   6.5511e+04
7.0032e+09   6.5485e+04
7.0205e+09   6.5459e+04
7.0379e+09   6.5432e+04
7.0553e+09   6.5406e+04
7.0727e+09   6.5379e+04
7.0902e+09   6.5353e+04
7.1077e+09   6.5327e+04
7.1253e+09   6.5300e+04
7.1429e+09   6.5274e+04
7.1605e+09   6.5247e+04
7.1782e+09   6.5221e+04
7.1959e+09   6.5194e+04
7.2136e+09   6.5168e+04
7.2314e+09   6.5142e+04
7.2493e+09   6.5115e+04
7.2671e+09   6.5089e+04
7.2850e+09   6.5062e+04
7.3030e+09   6.5036e+04
7.3210e+09   6.5010e+04
7.3390e+09   6.4983e+04
7.3570e+09   6.4957e+04
7.3751e+09   6.4930e+04
7.3933e+09   6.4904e+04
7.4115e+09   6.4878e+04
7.4297e+09   6.4851e+04
7.4479e+09   6.4825e+04
7.4662e+09   6.4799e+04
7.4845e+09   6.4772e+04
7.5029e+09   6.4746e+04
7.5213e+09   6.4719e+04
7.5398e+09   6.4693e+04
7.5582e+09   6.4667e+04
7.5768e+09   6.4640e+04
7.5953e+09   6.4614e+04
7.6139e+09   6.4587e+04
7.6326e+09   6.4561e+04
7.6513e+09   6.4535e+04
7.6700e+09   6.4508e+04
7.6887e+09   6.4482e+04
7.7075e+09   6.4455e+04
7.7264e+09   6.4429e+04
7.7453e+09   6.4403e+04
7.7642e+09   6.4376e+04
7.7831e+09   6.4350e+04
7.8021e+09   6.4323e+04
7.8211e+09   6.4297e+04
7.8402e+09   6.4271e+04
7.8593e+09   6.4244e+04
7.8785e+09   6.4218e+04
7.8977e+09   6.4192e+04
7.9169e+09   6.4165e+04
7.9362e+09   6.4139e+04
7.9555e+09   6.4112e+04
7.9748e+09   6.4086e+04
7.9942e+09   6.4060e+04
8.0136e+09   6.4033e+04
8.0331e+09   6.4007e+04
8.0526e+09   6.3981e+04
8.0722e+09   6.3954e+04
8.0917e+09   6.3928e+04
8.1114e+09   6.3901e+04
8.1310e+09   6.3875e+04
8.1507e+09   6.3849e+04
8.1705e+09   6.3822e+04
8.1903e+09   6.3796e+04
8.2101e+09   6.3770e+04
8.2299e+09   6.3743e+04
8.2498e+09   6.3717e+04
8.2698e+09   6.3690e+04
8.2898e+09   6.3664e+04
8.3098e+09   6.3638e+04
8.3298e+09   6.3611e+04
8.3499e+09   6.3585e+04
8.3701e+09   6.3559e+04
8.3903e+09   6.3532e+04
8.4105e+09   6.3506e+04
8.4307e+09   6.3479e+04
8.4510e+09   6.3453e+04
8.4714e+09   6.3427e+04
8.4917e+09   6.3400e+04
8.5122e+09   6.3374e+04
8.5326e+09   6.3348e+04
8.5531e+09   6.3321e+04
8.5736e+09   6.3295e+04
8.5942e+09   6.3269e+04
8.6148e+09   6.3242e+04
8.6355e+09   6.3216e+04
8.6562e+09   6.3189e+04
8.6769e+09   6.3163e+04
8.6977e+09   6.3137e+04
8.7185e+09   6.3110e+04
8.7393e+09   6.3084e+04
8.7602e+09   6.3058e+04
8.7812e+09   6.3031e+04
8.8021e+09   6.3005e+04
8.8231e+09   6.2979e+04
8.8442e+09   6.2952e+04
8.8653e+09   6.2926e+04
8.8864e+09   6.2900e+04
8.9076e+09   6.2873e+04
8.9288e+09   6.2847e+04
8.9500e+09   6.2820e+04
8.9713e+09   6.2794e+04
8.9926e+09   6.2768e+04
9.0140e+09   6.2741e+04
9.0354e+09   6.2715e+04
9.0568e+09   6.2689e+04
9.0783e+09   6.2662e+04
9.0998e+09   6.2636e+04
9.1214e+09   6.2610e+04
9.1430e+09   6.2583e+04
9.1646e+09   6.2557e+04
9.1863e+09   6.2531e+04
9.2080e+09   6.2504e+04
9.2298e+09   6.2478e+04
9.2516e+09   6.2452e+04
9.2734e+09   6.2425e+04
9.2953e+09   6.2399e+04
9.3172e+09   6.2373e+04
9.3391e+09   6.2346e+04
9.3611e+09   6.2320e+04
9.3831e+09   6.2294e+04
9.4052e+09   6.2267e+04
9.4273e+09   6.2241e+04
9.4494e+09   6.2214e+04
9.4716e+09   6.2188e+04
9.4938e+09   6.2162e+04
9.5161e+09   6.2135e+04
9.5384e+09   6.2109e+04
9.5607e+09   6.2083e+04
9.5831e+09   6.2056e+04
9.6055e+09   6.2030e+04
9.6280e+09   6.2004e+04
9.6505e+09   6.1977e+04
9.6730e+09   6.1951e+04
9.6956e+09   6.1925e+04
9.7182e+09   6.1898e+04
9.7408e+09   6.1872e+04
9.7635e+09   6.1846e+04
9.7862e+09   6.1819e+04
9.8090e+09   6.1793e+04
9.8317e+09   6.1767e+04
9.8546e+09   6.1740e+04
9.8774e+09   6.1714e+04
9.9004e+09   6.1688e+04
9.9233e+09   6.1661e+04
9.9463e+09   6.1635e+04
9.9693e+09   6.1609e+04
9.9924e+09   6.1583e+04
1.0015e+10   6.1556e+04
1.0039e+10   6.1530e+04
1.0062e+10   6.1504e+04
1.0085e+10   6.1477e+04
1.0108e+10   6.1451e+04
1.0131e+10   6.1425e+04
1.0155e+10   6.1398e+04
1.0178e+10   6.1372e+04
1.0202e+10   6.1346e+04
1.0225e+10   6.1319e+04
1.0248e+10   6.1293e+04
1.0272e+10   6.1267e+04
1.0295e+10   6.1240e+04
1.0319e+10   6.1214e+04
1.0343e+10   6.1188e+04
1.0366e+10   6.1161e+04
1.0390e+10   6.1135e+04
1.0414e+10   6.1109e+04
1.0437e+10   6.1082e+04
1.0461e+10   6.1056e+04
1.0485e+10   6.1030e+04
1.0509e+10   6.1003e+04
1.0533e+10   6.0977e+04
1.0557e+10   6.0951e+04
1.0581e+10   6.0925e+04
1.0605e+10   6.0898e+04
1.0629e+10   6.0872e+04
1.0653e+10   6.0846e+04
1.0677e+10   6.0819e+04
1.0701e+10   6.0793e+04
1.0725e+10   6.0767e+04
1.0749e+10   6.0740e+04
1.0774e+10   6.0714e+04
1.0798e+10   6.0688e+04
1.0822e+10   6.0661e+04
1.0847e+10   6.0635e+04
1.0871e+10   6.0609e+04
1.0895e+10   6.0583e+04
1.0920e+10   6.0556e+04
1.0944e+10   6.0530e+04
1.0969e+10   6.0504e+04
1.0993e+10   6.0477e+04
1.1018e+10   6.0451e+04
1.1042e+10   6.0425e+04
1.1067e+10   6.0398e+04
1.1092e+10   6.0372e+04
1.1116e+10   6.0346e+04
1.1141e+10   6.0319e+04
1.1166e+10   6.0293e+04
1.1191e+10   6.0267e+04
1.1216e+10   6.0241e+04
1.1240e+10   6.0214e+04
1.1265e+10   6.0188e+04
1.1290e+10   6.0162e+04
1.1315e+10   6.0135e+04
1.1340e+10   6.0109e+04
1.1365e+10   6.0083e+04
1.1390e+10   6.0057e+04
1.1415e+10   6.0030e+04
1.1441e+10   6.0004e+04
1.1466e+10   5.9978e+04
1.1491e+10   5.9951e+04
1.1516e+10   5.9925e+04
1.1541e+10   5.9899e+04
1.1567e+10   5.9873e+04
1.1592e+10   5.9846e+04
1.1617e+10   5.9820e+04
1.1642e+10   5.9794e+04
1.1668e+10   5.9767e+04
1.1693e+10   5.9741e+04
1.1719e+10   5.9715e+04
1.1744e+10   5.9688e+04
1.1770e+10   5.9662e+04
1.1795e+10   5.9636e+04
1.1821e+10   5.9610e+04
1.1846e+10   5.9583e+04
1.1872e+10   5.9557e+04
1.1897e+10   5.9531e+04
1.1923e+10   5.9505e+04
1.1949e+10   5.9478e+04
1.1975e+10   5.9452e+04
1.2000e+10   5.9426e+04
1.2026e+10   5.9399e+04
1.2052e+10   5.9373e+04
1.2078e+10   5.9347e+04
1.2103e+10   5.9321e+04
1.2129e+10   5.9294e+04
1.2155e+10   5.9268e+04
1.2181e+10   5.9242e+04
1.2207e+10   5.9215e+04
1.2233e+10   5.9189e+04
1.2259e+10   5.9163e+04
1.2285e+10   5.9137e+04
1.2311e+10   5.9110e+04
1.2337e+10   5.9084e+04
1.2363e+10   5.9058e+04
1.2389e+10   5.9032e+04
1.2415e+10   5.9005e+04
1.2441e+10   5.8979e+04
1.2468e+10   5.8953e+04
1.2494e+10   5.8926e+04
1.2520e+10   5.8900e+04
1.2546e+10   5.8874e+04
1.2572e+10   5.8848e+04
1.2599e+10   5.8821e+04
1.2625e+10   5.8795e+04
1.2651e+10   5.8769e+04
1.2678e+10   5.8743e+04
1.2704e+10   5.8716e+04
1.2730e+10   5.8690e+04
1.2757e+10   5.8664e+04
1.2783e+10   5.8638e+04
1.2810e+10   5.8611e+04
1.2836e+10   5.8585e+04
1.2862e+10   5.8559e+04
1.2889e+10   5.8533e+04
1.2915e+10   5.8506e+04
1.2942e+10   5.8480e+04
1.2968e+10   5.8454e+04
1.2995e+10   5.8428e+04
1.3022e+10   5.8401e+04
1.3048e+10   5.8375e+04
1.3075e+10   5.8349e+04
1.3101e+10   5.8323e+04
1.3128e+10   5.8296e+04
1.3154e+10   5.8270e+04
1.3181e+10   5.8244e+04
1.3208e+10   5.8217e+04
1.3234e+10   5.8191e+04
1.3261e+10   5.8165e+04
1.3288e+10   5.8139e+04
1.3315e+10   5.8112e+04
1.3341e+10   5.8086e+04
1.3368e+10   5.8060e+04
1.3395e+10   5.8034e+04
1.3421e+10   5.8008e+04
1.3448e+10   5.7981e+04
1.3475e+10   5.7955e+04
1.3502e+10   5.7929e+04
1.3528e+10   5.7903e+04
1.3555e+10   5.7876e+04
1.3582e+10   5.7850e+04
1.3609e+10   5.7824e+04
1.3636e+10   5.7798e+04
1.3662e+10   5.7771e+04
1.3689e+10   5.7745e+04
1.3716e+10   5.7719e+04
1.3743e+10   5.7693e+04
1.3770e+10   5.7666e+04
1.3797e+10   5.7640e+04
1.3824e+10   5.7614e+04
1.3850e+10   5.7588e+04
1.3877e+10   5.7561e+04
1.3904e+10   5.7535e+04
1.3931e+10   5.7509e+04
1.3958e+10   5.7483e+04
1.3985e+10   5.7456e+04
1.4012e+10   5.7430e+04
1.4038e+10   5.7404e+04
1.4065e+10   5.7378e+04
1.4092e+10   5.7352e+04
1.4119e+10   5.7325e+04
1.4146e+10   5.7299e+04
1.4173e+10   5.7273e+04
1.4200e+10   5.7247e+04
1.4226e+10   5.7220e+04
1.4253e+10   5.7194e+04
1.4280e+10   5.7168e+04
1.4307e+10   5.7142e+04
1.4334e+10   5.7116e+04
1.4361e+10   5.7089e+04
1.4388e+10   5.7063e+04
1.4414e+10   5.7037e+04
1.4441e+10   5.7011e+04
1.4468e+10   5.6984e+04
1.4495e+10   5.6958e+04
1.4522e+10   5.6932e+04
1.4548e+10   5.6906e+04
1.4575e+10   5.6880e+04
1.4602e+10   5.6853e+04
1.4629e+10   5.6827e+04
1.4656e+10   5.6801e+04
1.4682e+10   5.6775e+04
1.4709e+10   5.6748e+04
1.4736e+10   5.6722e+04
1.4762e+10   5.6696e+04
1.4789e+10   5.6670e+04
1.4816e+10   5.6644e+04
1.4842e+10   5.6617e+04
1.4869e+10   5.6591e+04
1.4896e+10   5.6565e+04
1.4922e+10   5.6539e+04
1.4949e+10   5.6512e+04
1.4975e+10   5.6486e+04
1.5002e+10   5.6460e+04
1.5029e+10   5.6434e+04
1.5055e+10   5.6408e+04
1.5082e+10   5.6381e+04
1.5108e+10   5.6355e+04
1.5135e+10   5.6329e+04
1.5161e+10   5.6303e+04
1.5187e+10   5.6277e+04
1.5214e+10   5.6250e+04
1.5240e+10   5.6224e+04
1.5266e+10   5.6198e+04
1.5293e+10   5.6172e+04
1.5319e+10   5.6146e+04
1.5345e+10   5.6119e+04
1.5372e+10   5.6093e+04
1.5398e+10   5.6067e+04
1.5424e+10   5.6041e+04
1.5450e+10   5.6015e+04
1.5476e+10   5.5988e+04
1.5502e+10   5.5962e+04
1.5528e+10   5.5936e+04
1.5554e+10   5.5910e+04
1.5580e+10   5.5884e+04
1.5606e+10   5.5857e+04
1.5632e+10   5.5831e+04
1.5658e+10   5.5805e+04
1.5684e+10   5.5779e+04
1.5710e+10   5.5753e+04
1.5736e+10   5.5726e+04
1.5761e+10   5.5700e+04
1.5787e+10   5.5674e+04
1.5813e+10   5.5648e+04
1.5838e+10   5.5622e+04
1.5864e+10   5.5596e+04
1.5889e+10   5.5569e+04
1.5915e+10   5.5543e+04
1.5940e+10   5.5517e+04
1.5966e+10   5.5491e+04
1.5991e+10   5.5465e+04
1.6016e+10   5.5438e+04
1.6042e+10   5.5412e+04
1.6067e+10   5.5386e+04
1.6092e+10   5.5360e+04
1.6117e+10   5.5334e+04
1.6142e+10   5.5308e+04
1.6167e+10   5.5281e+04
1.6192e+10   5.5255e+04
1.6217e+10   5.5229e+04
1.6242e+10   5.5203e+04
1.6267e+10   5.5177e+04
1.6292e+10   5.5150e+04
1.6316e+10   5.5124e+04
1.6341e+10   5.5098e+04
1.6365e+10   5.5072e+04
1.6390e+10   5.5046e+04
1.6414e+10   5.5020e+04
1.6439e+10   5.4993e+04
1.6463e+10   5.4967e+04
1.6487e+10   5.4941e+04
1.6512e+10   5.4915e+04
1.6536e+10   5.4889e+04
1.6560e+10   5.4863e+04
1.6584e+10   5.4836e+04
1.6608e+10   5.4810e+04
1.6632e+10   5.4784e+04
1.6656e+10   5.4758e+04
1.6679e+10   5.4732e+04
1.6703e+10   5.4706e+04
1.6727e+10   5.4679e+04
1.6750e+10   5.4653e+04
1.6773e+10   5.4627e+04
1.6797e+10   5.4601e+04
1.6820e+10   5.4575e+04
1.6843e+10   5.4549e+04
1.6866e+10   5.4522e+04
1.6890e+10   5.4496e+04
1.6913e+10   5.4470e+04
1.6935e+10   5.4444e+04
1.6958e+10   5.4418e+04
1.6981e+10   5.4392e+04
1.7004e+10   5.4365e+04
1.7026e+10   5.4339e+04
1.7049e+10   5.4313e+04
1.7071e+10   5.4287e+04
1.7093e+10   5.4261e+04
1.7116e+10   5.4235e+04
1.7138e+10   5.4209e+04
1.7160e+10   5.4182e+04
1.7182e+10   5.4156e+04
1.7203e+10   5.4130e+04
1.7225e+10   5.4104e+04
1.7247e+10   5.4078e+04
1.7268e+10   5.4052e+04
1.7290e+10   5.4026e+04
1.7311e+10   5.3999e+04
1.7332e+10   5.3973e+04
1.7354e+10   5.3947e+04
1.7375e+10   5.3921e+04
1.7396e+10   5.3895e+04
1.7416e+10   5.3869e+04
1.7437e+10   5.3843e+04
1.7458e+10   5.3816e+04
1.7478e+10   5.3790e+04
1.7499e+10   5.3764e+04
1.7519e+10   5.3738e+04
1.7539e+10   5.3712e+04
1.7559e+10   5.3686e+04
1.7579e+10   5.3660e+04
1.7599e+10   5.3633e+04
1.7619e+10   5.3607e+04
1.7638e+10   5.3581e+04
1.7658e+10   5.3555e+04
1.7677e+10   5.3529e+04
1.7696e+10   5.3503e+04
1.7715e+10   5.3477e+04
1.7734e+10   5.3450e+04
1.7753e+10   5.3424e+04
1.7772e+10   5.3398e+04
1.7790e+10   5.3372e+04
1.7809e+10   5.3346e+04
1.7827e+10   5.3320e+04
1.7845e+10   5.3294e+04
1.7863e+10   5.3268e+04
1.7881e+10   5.3241e+04
1.7899e+10   5.3215e+04
1.7917e+10   5.3189e+04
1.7934e+10   5.3163e+04
1.7951e+10   5.3137e+04
1.7969e+10   5.3111e+04
1.7986e+10   5.3085e+04
1.8003e+10   5.3059e+04
1.8019e+10   5.3032e+04
1.8036e+10   5.3006e+04
1.8052e+10   5.2980e+04
1.8069e+10   5.2954e+04
1.8085e+10   5.2928e+04
1.8101e+10   5.2902e+04
1.8117e+10   5.2876e+04
1.8132e+10   5.2850e+04
1.8148e+10   5.2824e+04
1.8163e+10   5.2797e+04
1.8178e+10   5.2771e+04
1.8193e+10   5.2745e+04
1.8208e+10   5.2719e+04
1.8223e+10   5.2693e+04
1.8238e+10   5.2667e+04
1.8252e+10   5.2641e+04
1.8266e+10   5.2615e+04
1.8280e+10   5.2589e+04
1.8294e+10   5.2562e+04
1.8308e+10   5.2536e+04
1.8321e+10   5.2510e+04
1.8334e+10   5.2484e+04
1.8347e+10   5.2458e+04
1.8360e+10   5.2432e+04
1.8373e+10   5.2406e+04
1.8386e+10   5.2380e+04
1.8398e+10   5.2354e+04
1.8410e+10   5.2328e+04
1.8422e+10   5.2301e+04
1.8434e+10   5.2275e+04
1.8446e+10   5.2249e+04
1.8457e+10   5.2223e+04
1.8468e+10   5.2197e+04
1.8479e+10   5.2171e+04
1.8490e+10   5.2145e+04
1.8501e+10   5.2119e+04
1.8511e+10   5.2093e+04
1.8521e+10   5.2067e+04
1.8531e+10   5.2040e+04
1.8541e+10   5.2014e+04
1.8551e+10   5.1988e+04
1.8560e+10   5.1962e+04
1.8569e+10   5.1936e+04
1.8578e+10   5.1910e+04
1.8587e+10   5.1884e+04
1.8595e+10   5.1858e+04
1.8604e+10   5.1832e+04
1.8612e+10   5.1806e+04
1.8619e+10   5.1780e+04
1.8627e+10   5.1754e+04
1.8634e+10   5.1727e+04
1.8642e+10   5.1701e+04
1.8648e+10   5.1675e+04
1.8655e+10   5.1649e+04
1.8662e+10   5.1623e+04
1.8668e+10   5.1597e+04
1.8674e+10   5.1571e+04
1.8679e+10   5.1545e+04
1.8685e+10   5.1519e+04
1.8690e+10   5.1493e+04
1.8695e+10   5.1467e+04
1.8700e+10   5.1441e+04
1.8704e+10   5.1415e+04
1.8708e+10   5.1388e+04
1.8712e+10   5.1362e+04
1.8716e+10   5.1336e+04
1.8719e+10   5.1310e+04
1.8723e+10   5.1284e+04
1.8726e+10   5.1258e+04
1.8728e+10   5.1232e+04
1.8731e+10   5.1206e+04
1.8733e+10   5.1180e+04
1.8735e+10   5.1154e+04
1.8736e+10   5.1128e+04
1.8738e+10   5.1102e+04
1.8739e+10   5.1076e+04
1.8739e+10   5.1050e+04
1.8740e+10   5.1024e+04
1.8740e+10   5.0998e+04
1.8740e+10   5.0971e+04
2.9612e+10   5.0945e+04
2.9619e+10   5.0919e+04
2.9592e+10   5.0893e+04
2.9563e+10   5.0867e+04
2.9534e+10   5.0841e+04
2.9505e+10   5.0815e+04
2.9475e+10   5.0789e+04
2.9444e+10   5.0763e+04
2.9412e+10   5.0737e+04
2.9380e+10   5.0711e+04
2.9348e+10   5.0685e+04
2.9314e+10   5.0659e+04
2.9280e+10   5.0633e+04
2.9246e+10   5.0607e+04
2.9210e+10   5.0581e+04
2.9174e+10   5.0555e+04
2.9138e+10   5.0529e+04
2.9100e+10   5.0503e+04
2.9062e+10   5.0477e+04
2.9024e+10   5.0451e+04
2.8984e+10   5.0425e+04
2.8944e+10   5.0398e+04
2.8904e+10   5.0372e+04
2.8862e+10   5.0346e+04
2.8820e+10   5.0320e+04
2.8778e+10   5.0294e+04
2.8734e+10   5.0268e+04
2.8690e+10   5.0242e+04
2.8645e+10   5.0216e+04
2.8600e+10   5.0190e+04
2.8554e+10   5.0164e+04
2.8507e+10   5.0138e+04
2.8459e+10   5.0112e+04
2.8411e+10   5.0086e+04
2.8362e+10   5.0060e+04
2.8312e+10   5.0034e+04
2.8262e+10   5.0008e+04
2.8210e+10   4.9982e+04
2.8159e+10   4.9956e+04
2.8106e+10   4.9930e+04
2.8053e+10   4.9904e+04
2.7999e+10   4.9878e+04
2.7944e+10   4.9852e+04
2.7888e+10   4.9826e+04
2.7832e+10   4.9800e+04
2.7775e+10   4.9774e+04
2.7717e+10   4.9748e+04
2.7658e+10   4.9722e+04
2.7599e+10   4.9696e+04
2.7539e+10   4.9670e+04
2.7478e+10   4.9644e+04
2.7417e+10   4.9618e+04
2.7354e+10   4.9592e+04
2.7291e+10   4.9566e+04
2.7228e+10   4.9540e+04
2.7163e+10   4.9514e+04
2.7098e+10   4.9488e+04
2.7031e+10   4.9462e+04
2.6964e+10   4.9436e+04
2.6897e+10   4.9410e+04
2.6828e+10   4.9384e+04
2.6759e+10   4.9358e+04
2.6689e+10   4.9332e+04
2.6618e+10   4.9306e+04
2.6547e+10   4.9280e+04
2.6474e+10   4.9254e+04
2.6401e+10   4.9228e+04
2.6327e+10   4.9202e+04
2.6252e+10   4.9176e+04
2.6177e+10   4.9150e+04
2.6100e+10   4.9124e+04
2.6023e+10   4.9098e+04
2.5945e+10   4.9072e+04
2.5866e+10   4.9046e+04
2.5787e+10   4.9020e+04
2.5706e+10   4.8994e+04
2.5625e+10   4.8968e+04
2.5543e+10   4.8942e+04
2.5460e+10   4.8916e+04
2.5377e+10   4.8890e+04
2.5292e+10   4.8864e+04
2.5207e+10   4.8838e+04
2.5121e+10   4.8812e+04
2.5034e+10   4.8786e+04
2.4946e+10   4.8760e+04
2.4858e+10   4.8734e+04
2.4768e+10   4.8708e+04
2.4678e+10   4.8682e+04
2.4587e+10   4.8657e+04
2.4496e+10   4.8631e+04
2.4403e+10   4.8605e+04
2.4309e+10   4.8579e+04
2.4215e+10   4.8553e+04
2.4120e+10   4.8527e+04
2.4024e+10   4.8501e+04
2.3927e+10   4.8475e+04
2.3830e+10   4.8449e+04
2.3732e+10   4.8423e+04
2.3632e+10   4.8397e+04
2.3532e+10   4.8371e+04
1.8602e+10   4.8345e+04
1.8521e+10   4.8319e+04
1.8440e+10   4.8293e+04
1.8358e+10   4.8267e+04
1.8275e+10   4.8241e+04
1.8192e+10   4.8215e+04
1.8108e+10   4.8189e+04
1.8023e+10   4.8163e+04
1.7938e+10   4.8138e+04
1.7852e+10   4.8112e+04
1.7766e+10   4.8086e+04
1.7678e+10   4.8060e+04
1.7591e+10   4.8034e+04
1.7502e+10   4.8008e+04
1.7413e+10   4.7982e+04
1.7323e+10   4.7956e+04
1.7233e+10   4.7930e+04
1.7142e+10   4.7904e+04
1.7050e+10   4.7878e+04
1.6958e+10   4.7852e+04
1.6865e+10   4.7826e+04
1.6771e+10   4.7800e+04
1.6677e+10   4.7775e+04
1.6582e+10   4.7749e+04
2.5826e+10   4.7723e+04
2.5641e+10   4.7697e+04
2.5424e+10   4.7671e+04
2.5206e+10   4.7645e+04
2.4986e+10   4.7619e+04
2.4766e+10   4.7593e+04
2.4545e+10   4.7567e+04
2.4324e+10   4.7541e+04
2.4101e+10   4.7515e+04
2.3877e+10   4.7490e+04
2.3653e+10   4.7464e+04
2.3427e+10   4.7438e+04
2.3201e+10   4.7412e+04
2.2974e+10   4.7386e+04
2.2747e+10   4.7360e+04
2.2518e+10   4.7334e+04
2.2289e+10   4.7308e+04
2.2059e+10   4.7282e+04
2.1829e+10   4.7257e+04
2.1597e+10   4.7231e+04
2.1365e+10   4.7205e+04
2.1133e+10   4.7179e+04
2.0899e+10   4.7153e+04
2.0665e+10   4.7127e+04
2.0431e+10   4.7101e+04
2.0196e+10   4.7075e+04
1.9960e+10   4.7050e+04
1.9724e+10   4.7024e+04
1.9487e+10   4.6998e+04
1.9250e+10   4.6972e+04
1.9012e+10   4.6946e+04
1.8774e+10   4.6920e+04
1.8536e+10   4.6894e+04
1.8297e+10   4.6869e+04
1.8058e+10   4.6843e+04
1.7818e+10   4.6817e+04
1.7578e+10   4.6791e+04
1.7338e+10   4.6765e+04
1.7097e+10   4.6739e+04
1.6856e+10   4.6714e+04
1.6615e+10   4.6688e+04
1.6374e+10   4.6662e+04
1.6133e+10   4.6636e+04
1.5892e+10   4.6610e+04
1.5650e+10   4.6584e+04
1.5409e+10   4.6559e+04
1.5167e+10   4.6533e+04
1.4925e+10   4.6507e+04
1.4684e+10   4.6481e+04
1.4442e+10   4.6455e+04
1.4201e+10   4.6430e+04
1.3960e+10   4.6404e+04
1.3719e+10   4.6378e+04
1.3478e+10   4.6352e+04
1.3237e+10   4.6326e+04
1.2997e+10   4.6300e+04
1.2757e+10   4.6275e+04
1.2517e+10   4.6249e+04
1.2278e+10   4.6223e+04
1.2040e+10   4.6197e+04
1.1801e+10   4.6172e+04
1.1564e+10   4.6146e+04
1.1327e+10   4.6120e+04
1.1090e+10   4.6094e+04
1.0854e+10   4.6068e+04
1.0619e+10   4.6043e+04
1.0385e+10   4.6017e+04
1.0152e+10   4.5991e+04
9.9191e+09   4.5965e+04
9.6875e+09   4.5940e+04
9.4568e+09   4.5914e+04
9.2272e+09   4.5888e+04
8.9987e+09   4.5862e+04
8.7713e+09   4.5837e+04
8.5452e+09   4.5811e+04
8.3203e+09   4.5785e+04
8.0967e+09   4.5759e+04
7.8745e+09   4.5734e+04
7.6538e+09   4.5708e+04
7.4346e+09   4.5682e+04
7.2169e+09   4.5657e+04
7.0010e+09   4.5631e+04
6.7867e+09   4.5605e+04
6.5743e+09   4.5579e+04
6.3637e+09   4.5554e+04
6.1550e+09   4.5528e+04
5.9484e+09   4.5502e+04
5.7439e+09   4.5477e+04
5.5416e+09   4.5451e+04
5.3415e+09   4.5425e+04
5.1437e+09   4.5400e+04
4.9485e+09   4.5374e+04
4.7557e+09   4.5348e+04
4.5655e+09   4.5323e+04
4.3781e+09   4.5297e+04
4.1934e+09   4.5271e+04
4.0116e+09   4.5246e+04
3.8329e+09   4.5220e+04
3.6572e+09   4.5194e+04
3.4847e+09   4.5169e+04
2.6321e+09   4.5143e+04
2.5005e+09   4.5117e+04
2.3717e+09   4.5092e+04
2.2457e+09   4.5066e+04
2.1227e+09   4.5040e+04
2.0027e+09   4.5015e+04
1.8858e+09   4.4989e+04
1.7721e+09   4.4964e+04
1.6616e+09   4.4938e+04
1.5546e+09   4.4913e+04
1.4509e+09   4.4887e+04
1.3508e+09   4.4861e+04
1.2542e+09   4.4836e+04
1.1612e+09   4.4810e+04
1.0719e+09   4.4785e+04
9.8637e+08   4.4759e+04
9.0458e+08   4.4734e+04
8.2659e+08   4.4708e+04
7.5242e+08   4.4683e+04
6.8208e+08   4.4657e+04
6.1556e+08   4.4632e+04
5.5287e+08   4.4606e+04
4.9396e+08   4.4581e+04
4.3880e+08   4.4555e+04
3.8733e+08   4.4530e+04
3.3950e+08   4.4504e+04
2.9522e+08   4.4479e+04
2.5440e+08   4.4454e+04
2.1696e+08   4.4428e+04
1.8278e+08   4.4403e+04
1.5176e+08   4.4377e+04
1.2379e+08   4.4352e+04
9.8757e+07   4.4327e+04
7.6569e+07   4.4302e+04
5.7127e+07   4.4276e+04
4.0351e+07   4.4251e+04
2.6177e+07   4.4226e+04
1.4557e+07   4.4201e+04
5.4093e+06   4.4176e+04
