Dia: 32.0 m | Vel: 20.0 km/s | theta: 45.0 deg | Strength: 1.0e+05 Pa
Power (W)    Altitude (m)
2.1305e+11   9.9958e+04
2.1381e+11   9.9915e+04
2.1458e+11   9.9873e+04
2.1534e+11   9.9830e+04
2.1611e+11   9.9788e+04
2.1689e+11   9.9745e+04
2.1766e+11   9.9703e+04
2.1844e+11   9.9661e+04
2.1922e+11   9.9618e+04
2.2001e+11   9.9576e+04
2.2080e+11   9.9533e+04
2.2159e+11   9.9491e+04
2.2238e+11   9.9448e+04
2.2318e+11   9.9406e+04
2.2398e+11   9.9364e+04
2.2478e+11   9.9321e+04
2.2559e+11   9.9279e+04
2.2640e+11   9.9236e+04
2.2721e+11   9.9194e+04
2.2802e+11   9.9152e+04
2.2884e+11   9.9109e+04
2.2967e+11   9.9067e+04
2.3049e+11   9.9024e+04
2.3132e+11   9.8982e+04
2.3215e+11   9.8939e+04
2.3299e+11   9.8897e+04
2.3382e+11   9.8855e+04
2.3466e+11   9.8812e+04
2.3551e+11   9.8770e+04
2.3636e+11   9.8727e+04
2.3721e+11   9.8685e+04
2.3806e+11   9.8642e+04
2.3892e+11   9.8600e+04
2.3978e+11   9.8558e+04
2.4065e+11   9.8515e+04
2.4151e+11   9.8473e+04
2.4239e+11   9.8430e+04
2.4326e+11   9.8388e+04
2.4414e+11   9.8346e+04
2.4502e+11   9.8303e+04
2.4590e+11   9.8261e+04
2.4679e+11   9.8218e+04
2.4768e+11   9.8176e+04
2.4858e+11   9.8133e+04
2.4948e+11   9.8091e+04
2.5038e+11   9.8049e+04
2.5129e+11   9.8006e+04
2.5220e+11   9.7964e+04
2.5311e+11   9.7921e+04
2.5402e+11   9.7879e+04
2.5494e+11   9.7837e+04
2.5587e+11   9.7794e+04
2.5680e+11   9.7752e+04
2.5773e+11   9.7709e+04
2.5866e+11   9.7667e+04
2.5960e+11   9.7625e+04
2.6054e+11   9.7582e+04
2.6149e+11   9.7540e+04
2.6244e+11   9.7497e+04
2.6339e+11   9.7455e+04
2.6434e+11   9.7412e+04
2.6531e+11   9.7370e+04
2.6627e+11   9.7328e+04
2.6724e+11   9.7285e+04
2.6821e+11   9.7243e+04
2.6918e+11   9.7200e+04
2.7016e+11   9.7158e+04
2.7115e+11   9.7116e+04
2.7213e+11   9.7073e+04
2.7312e+11   9.7031e+04
2.7412e+11   9.6988e+04
2.7512e+11   9.6946e+04
2.7612e+11   9.6904e+04
2.7713e+11   9.6861e+04
2.7814e+11   9.6819e+04
2.7915e+11   9.6776e+04
2.8017e+11   9.6734e+04
2.8119e+11   9.6692e+04
2.8222e+11   9.6649e+04
2.8325e+11   9.6607e+04
2.8429e+11   9.6564e+04
2.8532e+11   9.6522e+04
2.8637e+11   9.6479e+04
2.8741e+11   9.6437e+04
2.8847e+11   9.6395e+04
2.8952e+11   9.6352e+04
2.9058e+11   9.6310e+04
2.9164e+11   9.6267e+04
2.9271e+11   9.6225e+04
2.9378e+11   9.6183e+04
2.9486e+11   9.6140e+04
2.9594e+11   9.6098e+04
2.9703e+11   9.6055e+04
2.9811e+11   9.6013e+04
2.9921e+11   9.5971e+04
3.0031e+11   9.5928e+04
3.0141e+11   9.5886e+04
3.0251e+11   9.5843e+04
3.0363e+11   9.5801e+04
3.0474e+11   9.5759e+04
3.0586e+11   9.5716e+04
3.0698e+11   9.5674e+04
3.0811e+11   9.5631e+04
3.0925e+11   9.5589e+04
3.1038e+11   9.5547e+04
3.1153e+11   9.5504e+04
3.1267e+11   9.5462e+04
3.1382e+11   9.5419e+04
3.1498e+11   9.5377e+04
3.1614e+11   9.5335e+04
3.1730e+11   9.5292e+04
3.1847e+11   9.5250e+04
3.1965e+11   9.5207e+04
3.2083e+11   9.5165e+04
3.2201e+11   9.5123e+04
3.2320e+11   9.5080e+04
3.2439e+11   9.5038e+04
3.2559e+11   9.4995e+04
3.2679e+11   9.4953e+04
3.2800e+11   9.4911e+04
3.2921e+11   9.4868e+04
3.3043e+11   9.4826e+04
3.3165e+11   9.4783e+04
3.3288e+11   9.4741e+04
3.3411e+11   9.4699e+04
3.3534e+11   9.4656e+04
3.3659e+11   9.4614e+04
3.3783e+11   9.4572e+04
3.3908e+11   9.4529e+04
3.4034e+11   9.4487e+04
3.4160e+11   9.4444e+04
3.4287e+11   9.4402e+04
3.4414e+11   9.4360e+04
3.4542e+11   9.4317e+04
3.4670e+11   9.4275e+04
3.4798e+11   9.4232e+04
3.4928e+11   9.4190e+04
3.5057e+11   9.4148e+04
3.5188e+11   9.4105e+04
3.5318e+11   9.4063e+04
3.5450e+11   9.4020e+04
3.5581e+11   9.3978e+04
3.5714e+11   9.3936e+04
3.5847e+11   9.3893e+04
3.5980e+11   9.3851e+04
3.6114e+11   9.3808e+04
3.6248e+11   9.3766e+04
3.6383e+11   9.3724e+04
3.6519e+11   9.3681e+04
3.6655e+11   9.3639e+04
3.6792e+11   9.3597e+04
3.6929e+11   9.3554e+04
3.7067e+11   9.3512e+04
3.7205e+11   9.3469e+04
3.7344e+11   9.3427e+04
3.7483e+11   9.3385e+04
3.7623e+11   9.3342e+04
3.7764e+11   9.3300e+04
3.7905e+11   9.3257e+04
3.8047e+11   9.3215e+04
3.8189e+11   9.3173e+04
3.8332e+11   9.3130e+04
3.8475e+11   9.3088e+04
3.8619e+11   9.3046e+04
3.8764e+11   9.3003e+04
3.8909e+11   9.2961e+04
3.9055e+11   9.2918e+04
3.9201e+11   9.2876e+04
3.9348e+11   9.2834e+04
3.9495e+11   9.2791e+04
3.9644e+11   9.2749e+04
3.9792e+11   9.2706e+04
3.9942e+11   9.2664e+04
4.0091e+11   9.2622e+04
4.0242e+11   9.2579e+04
4.0393e+11   9.2537e+04
4.0545e+11   9.2495e+04
4.0697e+11   9.2452e+04
4.0850e+11   9.2410e+04
4.1004e+11   9.2367e+04
4.1158e+11   9.2325e+04
4.1313e+11   9.2283e+04
4.1468e+11   9.2240e+04
4.1624e+11   9.2198e+04
4.1781e+11   9.2156e+04
4.1939e+11   9.2113e+04
4.2097e+11   9.2071e+04
4.2255e+11   9.2028e+04
4.2415e+11   9.1986e+04
4.2575e+11   9.1944e+04
4.2735e+11   9.1901e+04
4.2896e+11   9.1859e+04
4.3058e+11   9.1816e+04
4.3221e+11   9.1774e+04
4.3384e+11   9.1732e+04
4.3548e+11   9.1689e+04
4.3713e+11   9.1647e+04
4.3878e+11   9.1605e+04
4.4044e+11   9.1562e+04
4.4210e+11   9.1520e+04
4.4378e+11   9.1477e+04
4.4546e+11   9.1435e+04
4.4714e+11   9.1393e+04
4.4884e+11   9.1350e+04
4.5054e+11   9.1308e+04
4.5224e+11   9.1266e+04
4.5396e+11   9.1223e+04
4.5568e+11   9.1181e+04
4.5741e+11   9.1138e+04
4.5914e+11   9.1096e+04
4.6088e+11   9.1054e+04
4.6263e+11   9.1011e+04
4.6439e+11   9.0969e+04
4.6615e+11   9.0927e+04
4.6793e+11   9.0884e+04
4.6970e+11   9.0842e+04
4.7149e+11   9.0800e+04
4.7328e+11   9.0757e+04
4.7508e+11   9.0715e+04
4.7689e+11   9.0672e+04
4.7871e+11   9.0630e+04
4.8053e+11   9.0588e+04
4.8236e+11   9.0545e+04
4.8420e+11   9.0503e+04
4.8604e+11   9.0461e+04
4.8789e+11   9.0418e+04
4.8976e+11   9.0376e+04
4.9162e+11   9.0333e+04
4.9350e+11   9.0291e+04
4.9538e+11   9.0249e+04
4.9727e+11   9.0206e+04
4.9917e+11   9.0164e+04
5.0108e+11   9.0122e+04
5.0299e+11   9.0079e+04
5.0492e+11   9.0037e+04
5.0685e+11   8.9995e+04
5.0879e+11   8.9952e+04
5.1073e+11   8.9910e+04
5.1269e+11   8.9867e+04
5.1465e+11   8.9825e+04
5.1662e+11   8.9783e+04
5.1860e+11   8.9740e+04
5.2059e+11   8.9698e+04
5.2258e+11   8.9656e+04
5.2459e+11   8.9613e+04
5.2660e+11   8.9571e+04
5.2862e+11   8.9529e+04
5.3065e+11   8.9486e+04
5.3268e+11   8.9444e+04
5.3473e+11   8.9401e+04
5.3678e+11   8.9359e+04
5.3884e+11   8.9317e+04
5.4091e+11   8.9274e+04
5.4299e+11   8.9232e+04
5.4508e+11   8.9190e+04
5.4718e+11   8.9147e+04
5.4928e+11   8.9105e+04
5.5140e+11   8.9063e+04
5.5352e+11   8.9020e+04
5.5565e+11   8.8978e+04
5.5779e+11   8.8935e+04
5.5994e+11   8.8893e+04
5.6210e+11   8.8851e+04
5.6427e+11   8.8808e+04
5.6645e+11   8.8766e+04
5.6863e+11   8.8724e+04
5.7083e+11   8.8681e+04
5.7303e+11   8.8639e+04
5.7524e+11   8.8597e+04
5.7746e+11   8.8554e+04
5.7970e+11   8.8512e+04
5.8194e+11   8.8470e+04
5.8419e+11   8.8427e+04
5.8645e+11   8.8385e+04
5.8872e+11   8.8342e+04
5.9099e+11   8.8300e+04
5.9328e+11   8.8258e+04
5.9558e+11   8.8215e+04
5.9789e+11   8.8173e+04
6.0020e+11   8.8131e+04
6.0253e+11   8.8088e+04
6.0487e+11   8.8046e+04
6.0721e+11   8.8004e+04
6.0957e+11   8.7961e+04
6.1193e+11   8.7919e+04
6.1431e+11   8.7877e+04
6.1669e+11   8.7834e+04
6.1909e+11   8.7792e+04
6.2149e+11   8.7749e+04
6.2391e+11   8.7707e+04
6.2634e+11   8.7665e+04
6.2877e+11   8.7622e+04
6.3122e+11   8.7580e+04
6.3367e+11   8.7538e+04
6.3614e+11   8.7495e+04
6.3862e+11   8.7453e+04
6.4111e+11   8.7411e+04
6.4360e+11   8.7368e+04
6.4611e+11   8.7326e+04
6.4863e+11   8.7284e+04
6.5116e+11   8.7241e+04
6.5370e+11   8.7199e+04
6.5625e+11   8.7157e+04
6.5881e+11   8.7114e+04
6.6138e+11   8.7072e+04
6.6397e+11   8.7030e+04
6.6656e+11   8.6987e+04
6.6917e+11   8.6945e+04
6.7178e+11   8.6903e+04
6.7441e+11   8.6860e+04
6.7705e+11   8.6818e+04
6.7970e+11   8.6775e+04
6.8236e+11   8.6733e+04
6.8503e+11   8.6691e+04
6.8771e+11   8.6648e+04
6.9041e+11   8.6606e+04
6.9311e+11   8.6564e+04
6.9583e+11   8.6521e+04
6.9856e+11   8.6479e+04
7.0130e+11   8.6437e+04
7.0405e+11   8.6394e+04
7.0681e+11   8.6352e+04
7.0959e+11   8.6310e+04
7.1238e+11   8.6267e+04
7.1517e+11   8.6225e+04
7.1799e+11   8.6183e+04
7.2081e+11   8.6140e+04
7.2364e+11   8.6098e+04
7.2649e+11   8.6056e+04
7.2935e+11   8.6013e+04
7.3222e+11   8.5971e+04
7.3510e+11   8.5929e+04
7.3800e+11   8.5886e+04
7.4090e+11   8.5844e+04
7.4382e+11   8.5802e+04
7.4676e+11   8.5759e+04
7.4970e+11   8.5717e+04
7.5266e+11   8.5675e+04
7.5563e+11   8.5632e+04
7.5861e+11   8.5590e+04
7.6161e+11   8.5548e+04
7.6461e+11   8.5505e+04
7.6763e+11   8.5463e+04
7.7067e+11   8.5421e+04
7.7371e+11   8.5378e+04
7.7677e+11   8.5336e+04
7.7985e+11   8.5294e+04
7.8293e+11   8.5251e+04
7.8603e+11   8.5209e+04
7.8914e+11   8.5166e+04
7.9227e+11   8.5124e+04
7.9541e+11   8.5082e+04
7.9856e+11   8.5039e+04
8.0173e+11   8.4997e+04
8.0490e+11   8.4955e+04
8.0810e+11   8.4912e+04
8.1130e+11   8.4870e+04
8.1452e+11   8.4828e+04
8.1776e+11   8.4785e+04
8.2101e+11   8.4743e+04
8.2427e+11   8.4701e+04
8.2754e+11   8.4658e+04
8.3083e+11   8.4616e+04
8.3414e+11   8.4574e+04
8.3746e+11   8.4531e+04
8.4079e+11   8.4489e+04
8.4413e+11   8.4447e+04
8.4750e+11   8.4404e+04
8.5087e+11   8.4362e+04
8.5426e+11   8.4320e+04
8.5766e+11   8.4277e+04
8.6108e+11   8.4235e+04
8.6452e+11   8.4193e+04
8.6797e+11   8.4150e+04
8.7143e+11   8.4108e+04
8.7491e+11   8.4066e+04
8.7840e+11   8.4024e+04
8.8191e+11   8.3981e+04
8.8543e+11   8.3939e+04
8.8897e+11   8.3897e+04
8.9253e+11   8.3854e+04
8.9610e+11   8.3812e+04
8.9968e+11   8.3770e+04
9.0328e+11   8.3727e+04
9.0690e+11   8.3685e+04
9.1053e+11   8.3643e+04
9.1418e+11   8.3600e+04
9.1784e+11   8.3558e+04
9.2152e+11   8.3516e+04
9.2521e+11   8.3473e+04
9.2892e+11   8.3431e+04
9.3265e+11   8.3389e+04
9.3639e+11   8.3346e+04
9.4015e+11   8.3304e+04
9.4393e+11   8.3262e+04
9.4772e+11   8.3219e+04
9.5152e+11   8.3177e+04
9.5535e+11   8.3135e+04
9.5919e+11   8.3092e+04
9.6305e+11   8.3050e+04
9.6692e+11   8.3008e+04
9.7081e+11   8.2965e+04
9.7472e+11   8.2923e+04
9.7865e+11   8.2881e+04
9.8259e+11   8.2838e+04
9.8655e+11   8.2796e+04
9.9053e+11   8.2754e+04
9.9452e+11   8.2711e+04
9.9853e+11   8.2669e+04
1.0026e+12   8.2627e+04
1.0066e+12   8.2584e+04
1.0107e+12   8.2542e+04
1.0148e+12   8.2500e+04
1.0188e+12   8.2458e+04
1.0230e+12   8.2415e+04
1.0271e+12   8.2373e+04
1.0313e+12   8.2331e+04
1.0354e+12   8.2288e+04
1.0396e+12   8.2246e+04
1.0438e+12   8.2204e+04
1.0481e+12   8.2161e+04
1.0523e+12   8.2119e+04
1.0566e+12   8.2077e+04
1.0608e+12   8.2034e+04
1.0651e+12   8.1992e+04
1.0695e+12   8.1950e+04
1.0738e+12   8.1907e+04
1.0782e+12   8.1865e+04
1.0825e+12   8.1823e+04
1.0869e+12   8.1780e+04
1.0913e+12   8.1738e+04
1.0958e+12   8.1696e+04
1.1002e+12   8.1653e+04
1.1047e+12   8.1611e+04
1.1092e+12   8.1569e+04
1.1137e+12   8.1527e+04
1.1182e+12   8.1484e+04
1.1228e+12   8.1442e+04
1.1274e+12   8.1400e+04
1.1320e+12   8.1357e+04
1.1366e+12   8.1315e+04
1.1412e+12   8.1273e+04
1.1459e+12   8.1230e+04
1.1505e+12   8.1188e+04
1.1552e+12   8.1146e+04
1.1599e+12   8.1103e+04
1.1647e+12   8.1061e+04
1.1694e+12   8.1019e+04
1.1742e+12   8.0976e+04
1.1790e+12   8.0934e+04
1.1838e+12   8.0892e+04
1.1887e+12   8.0850e+04
1.1935e+12   8.0807e+04
1.1984e+12   8.0765e+04
1.2033e+12   8.0723e+04
1.2082e+12   8.0680e+04
1.2132e+12   8.0638e+04
1.2182e+12   8.0596e+04
1.2232e+12   8.0553e+04
1.2282e+12   8.0511e+04
1.2332e+12   8.0469e+04
1.2383e+12   8.0426e+04
1.2433e+12   8.0384e+04
1.2484e+12   8.0342e+04
1.2536e+12   8.0300e+04
1.2587e+12   8.0257e+04
1.2639e+12   8.0215e+04
1.2691e+12   8.0173e+04
1.2743e+12   8.0130e+04
1.2795e+12   8.0088e+04
1.2848e+12   8.0046e+04
1.2901e+12   8.0003e+04
1.2954e+12   7.9961e+04
1.3007e+12   7.9919e+04
1.3061e+12   7.9876e+04
1.3115e+12   7.9834e+04
1.3169e+12   7.9792e+04
1.3223e+12   7.9750e+04
1.3278e+12   7.9707e+04
1.3333e+12   7.9665e+04
1.3388e+12   7.9623e+04
1.3443e+12   7.9580e+04
1.3498e+12   7.9538e+04
1.3554e+12   7.9496e+04
1.3610e+12   7.9453e+04
1.3666e+12   7.9411e+04
1.3723e+12   7.9369e+04
1.3780e+12   7.9327e+04
1.3837e+12   7.9284e+04
1.3894e+12   7.9242e+04
1.3952e+12   7.9200e+04
1.4009e+12   7.9157e+04
1.4067e+12   7.9115e+04
1.4126e+12   7.9073e+04
1.4184e+12   7.9030e+04
1.4243e+12   7.8988e+04
1.4302e+12   7.8946e+04
1.4361e+12   7.8904e+04
1.4421e+12   7.8861e+04
1.4481e+12   7.8819e+04
1.4541e+12   7.8777e+04
1.4602e+12   7.8734e+04
1.4662e+12   7.8692e+04
1.4723e+12   7.8650e+04
1.4785e+12   7.8607e+04
1.4846e+12   7.8565e+04
1.4908e+12   7.8523e+04
1.4970e+12   7.8481e+04
1.5032e+12   7.8438e+04
1.5095e+12   7.8396e+04
1.5158e+12   7.8354e+04
1.5221e+12   7.8311e+04
1.5284e+12   7.8269e+04
1.5348e+12   7.8227e+04
1.5412e+12   7.8185e+04
1.5477e+12   7.8142e+04
1.5541e+12   7.8100e+04
1.5606e+12   7.8058e+04
1.5671e+12   7.8015e+04
1.5737e+12   7.7973e+04
1.5803e+12   7.7931e+04
1.5869e+12   7.7888e+04
1.5935e+12   7.7846e+04
1.6002e+12   7.7804e+04
1.6069e+12   7.7762e+04
1.6136e+12   7.7719e+04
1.6204e+12   7.7677e+04
1.6272e+12   7.7635e+04
1.6340e+12   7.7592e+04
1.6408e+12   7.7550e+04
1.6477e+12   7.7508e+04
1.6546e+12   7.7466e+04
1.6616e+12   7.7423e+04
1.6686e+12   7.7381e+04
1.6756e+12   7.7339e+04
1.6826e+12   7.7296e+04
1.6897e+12   7.7254e+04
1.6968e+12   7.7212e+04
1.7039e+12   7.7170e+04
1.7111e+12   7.7127e+04
1.7183e+12   7.7085e+04
1.7255e+12   7.7043e+04
1.7328e+12   7.7000e+04
1.7401e+12   7.6958e+04
1.7474e+12   7.6916e+04
1.7548e+12   7.6874e+04
1.7622e+12   7.6831e+04
1.7696e+12   7.6789e+04
1.7771e+12   7.6747e+04
1.7846e+12   7.6704e+04
1.7921e+12   7.6662e+04
1.7997e+12   7.6620e+04
1.8073e+12   7.6578e+04
1.8150e+12   7.6535e+04
1.8226e+12   7.6493e+04
1.8303e+12   7.6451e+04
1.8381e+12   7.6408e+04
1.8459e+12   7.6366e+04
1.8537e+12   7.6324e+04
1.8615e+12   7.6282e+04
1.8694e+12   7.6239e+04
1.8774e+12   7.6197e+04
1.8853e+12   7.6155e+04
1.8933e+12   7.6112e+04
1.9013e+12   7.6070e+04
1.9094e+12   7.6028e+04
1.9175e+12   7.5986e+04
1.9257e+12   7.5943e+04
1.9338e+12   7.5901e+04
1.9421e+12   7.5859e+04
1.9503e+12   7.5816e+04
1.9586e+12   7.5774e+04
1.9669e+12   7.5732e+04
1.9753e+12   7.5690e+04
1.9837e+12   7.5647e+04
1.9922e+12   7.5605e+04
2.0006e+12   7.5563e+04
2.0092e+12   7.5521e+04
2.0177e+12   7.5478e+04
2.0263e+12   7.5436e+04
2.0350e+12   7.5394e+04
2.0437e+12   7.5351e+04
2.0524e+12   7.5309e+04
2.0611e+12   7.5267e+04
2.0699e+12   7.5225e+04
2.0788e+12   7.5182e+04
2.0877e+12   7.5140e+04
2.0966e+12   7.5098e+04
2.1056e+12   7.5056e+04
2.1146e+12   7.5013e+04
2.1236e+12   7.4971e+04
2.1327e+12   7.4929e+04
2.1418e+12   7.4886e+04
2.1510e+12   7.4844e+04
2.1602e+12   7.4802e+04
2.1695e+12   7.4760e+04
2.1788e+12   7.4717e+04
2.1881e+12   7.4675e+04
2.1975e+12   7.4633e+04
2.2070e+12   7.4591e+04
2.2164e+12   7.4548e+04
2.2260e+12   7.4506e+04
2.2355e+12   7.4464e+04
2.2451e+12   7.4421e+04
2.2548e+12   7.4379e+04
2.2645e+12   7.4337e+04
2.2742e+12   7.4295e+04
2.2840e+12   7.4252e+04
2.2939e+12   7.4210e+04
2.3037e+12   7.4168e+04
2.3137e+12   7.4126e+04
2.3236e+12   7.4083e+04
2.3336e+12   7.4041e+04
2.3437e+12   7.3999e+04
2.3538e+12   7.3956e+04
2.3640e+12   7.3914e+04
2.3742e+12   7.3872e+04
2.3844e+12   7.3830e+04
2.3947e+12   7.3787e+04
2.4051e+12   7.3745e+04
2.4155e+12   7.3703e+04
2.4259e+12   7.3661e+04
2.4364e+12   7.3618e+04
2.4470e+12   7.3576e+04
2.4575e+12   7.3534e+04
2.4682e+12   7.3492e+04
2.4789e+12   7.3449e+04
2.4896e+12   7.3407e+04
2.5004e+12   7.3365e+04
2.5113e+12   7.3322e+04
2.5221e+12   7.3280e+04
2.5331e+12   7.3238e+04
2.5441e+12   7.3196e+04
2.5551e+12   7.3153e+04
2.5662e+12   7.3111e+04
2.5774e+12   7.3069e+04
2.5886e+12   7.3027e+04
2.5998e+12   7.2984e+04
2.6111e+12   7.2942e+04
2.6225e+12   7.2900e+04
2.6339e+12   7.2858e+04
2.6454e+12   7.2815e+04
2.6569e+12   7.2773e+04
2.6685e+12   7.2731e+04
2.6801e+12   7.2689e+04
2.6918e+12   7.2646e+04
2.7035e+12   7.2604e+04
2.7153e+12   7.2562e+04
2.7272e+12   7.2520e+04
2.7391e+12   7.2477e+04
2.7510e+12   7.2435e+04
2.7630e+12   7.2393e+04
2.7751e+12   7.2350e+04
2.7872e+12   7.2308e+04
2.7994e+12   7.2266e+04
2.8117e+12   7.2224e+04
2.8240e+12   7.2181e+04
2.8363e+12   7.2139e+04
2.8488e+12   7.2097e+04
2.8612e+12   7.2055e+04
2.8738e+12   7.2012e+04
2.8864e+12   7.1970e+04
2.8990e+12   7.1928e+04
2.9117e+12   7.1886e+04
2.9245e+12   7.1843e+04
2.9374e+12   7.1801e+04
2.9503e+12   7.1759e+04
2.9632e+12   7.1717e+04
2.9762e+12   7.1674e+04
2.9893e+12   7.1632e+04
3.0024e+12   7.1590e+04
3.0157e+12   7.1548e+04
3.0289e+12   7.1505e+04
3.0423e+12   7.1463e+04
3.0556e+12   7.1421e+04
3.0691e+12   7.1379e+04
3.0826e+12   7.1336e+04
3.0962e+12   7.1294e+04
3.1099e+12   7.1252e+04
3.1236e+12   7.1210e+04
3.1374e+12   7.1167e+04
3.1512e+12   7.1125e+04
3.1651e+12   7.1083e+04
3.1791e+12   7.1041e+04
3.1931e+12   7.0998e+04
3.2072e+12   7.0956e+04
3.2214e+12   7.0914e+04
3.2357e+12   7.0872e+04
3.2500e+12   7.0829e+04
3.2644e+12   7.0787e+04
3.2788e+12   7.0745e+04
3.2933e+12   7.0703e+04
3.3079e+12   7.0660e+04
3.3226e+12   7.0618e+04
3.3373e+12   7.0576e+04
3.3521e+12   7.0534e+04
3.3670e+12   7.0491e+04
3.3819e+12   7.0449e+04
3.3969e+12   7.0407e+04
3.4120e+12   7.0365e+04
3.4272e+12   7.0322e+04
3.4424e+12   7.0280e+04
3.4577e+12   7.0238e+04
3.4731e+12   7.0196e+04
3.4885e+12   7.0153e+04
3.5040e+12   7.0111e+04
3.5196e+12   7.0069e+04
3.5353e+12   7.0027e+04
3.5511e+12   6.9984e+04
3.5669e+12   6.9942e+04
3.5828e+12   6.9900e+04
3.5987e+12   6.9858e+04
3.6148e+12   6.9815e+04
3.6309e+12   6.9773e+04
3.6471e+12   6.9731e+04
3.6634e+12   6.9689e+04
3.6798e+12   6.9647e+04
3.6962e+12   6.9604e+04
3.7127e+12   6.9562e+04
3.7293e+12   6.9520e+04
3.7460e+12   6.9478e+04
3.7628e+12   6.9435e+04
3.7796e+12   6.9393e+04
3.7965e+12   6.9351e+04
3.8135e+12   6.9309e+04
3.8306e+12   6.9266e+04
3.8478e+12   6.9224e+04
3.8651e+12   6.9182e+04
3.8824e+12   6.9140e+04
3.8998e+12   6.9097e+04
3.9173e+12   6.9055e+04
3.9349e+12   6.9013e+04
3.9526e+12   6.8971e+04
3.9703e+12   6.8928e+04
3.9882e+12   6.8886e+04
4.0061e+12   6.8844e+04
4.0241e+12   6.8802e+04
4.0422e+12   6.8760e+04
4.0604e+12   6.8717e+04
4.0787e+12   6.8675e+04
4.0971e+12   6.8633e+04
4.1155e+12   6.8591e+04
4.1341e+12   6.8548e+04
4.1527e+12   6.8506e+04
4.1714e+12   6.8464e+04
4.1903e+12   6.8422e+04
4.2092e+12   6.8379e+04
4.2282e+12   6.8337e+04
4.2473e+12   6.8295e+04
4.2665e+12   6.8253e+04
4.2857e+12   6.8210e+04
4.3051e+12   6.8168e+04
4.3246e+12   6.8126e+04
4.3441e+12   6.8084e+04
4.3638e+12   6.8042e+04
4.3836e+12   6.7999e+04
4.4034e+12   6.7957e+04
4.4234e+12   6.7915e+04
4.4434e+12   6.7873e+04
4.4636e+12   6.7830e+04
4.4838e+12   6.7788e+04
4.5041e+12   6.7746e+04
4.5246e+12   6.7704e+04
4.5451e+12   6.7661e+04
4.5658e+12   6.7619e+04
4.5865e+12   6.7577e+04
4.6074e+12   6.7535e+04
4.6283e+12   6.7493e+04
4.6493e+12   6.7450e+04
4.6705e+12   6.7408e+04
4.6918e+12   6.7366e+04
4.7131e+12   6.7324e+04
4.7346e+12   6.7281e+04
4.7561e+12   6.7239e+04
4.7778e+12   6.7197e+04
4.7996e+12   6.7155e+04
4.8215e+12   6.7113e+04
4.8435e+12   6.7070e+04
4.8656e+12   6.7028e+04
4.8878e+12   6.6986e+04
4.9101e+12   6.6944e+04
4.9326e+12   6.6901e+04
4.9551e+12   6.6859e+04
4.9778e+12   6.6817e+04
5.0005e+12   6.6775e+04
5.0234e+12   6.6733e+04
5.0464e+12   6.6690e+04
5.0695e+12   6.6648e+04
5.0927e+12   6.6606e+04
5.1160e+12   6.6564e+04
5.1395e+12   6.6521e+04
5.1630e+12   6.6479e+04
5.1867e+12   6.6437e+04
5.2105e+12   6.6395e+04
5.2344e+12   6.6353e+04
5.2585e+12   6.6310e+04
5.2826e+12   6.6268e+04
5.3069e+12   6.6226e+04
5.3313e+12   6.6184e+04
5.3558e+12   6.6141e+04
5.3804e+12   6.6099e+04
5.4052e+12   6.6057e+04
5.4300e+12   6.6015e+04
5.4550e+12   6.5973e+04
5.4802e+12   6.5930e+04
5.5054e+12   6.5888e+04
5.5308e+12   6.5846e+04
5.5563e+12   6.5804e+04
5.5819e+12   6.5761e+04
5.6077e+12   6.5719e+04
5.6336e+12   6.5677e+04
5.6596e+12   6.5635e+04
5.6857e+12   6.5593e+04
5.7120e+12   6.5550e+04
5.7384e+12   6.5508e+04
5.7649e+12   6.5466e+04
5.7916e+12   6.5424e+04
5.8184e+12   6.5382e+04
5.8453e+12   6.5339e+04
5.8724e+12   6.5297e+04
5.8996e+12   6.5255e+04
5.9269e+12   6.5213e+04
5.9544e+12   6.5170e+04
5.9820e+12   6.5128e+04
6.0097e+12   6.5086e+04
6.0376e+12   6.5044e+04
6.0656e+12   6.5002e+04
6.0938e+12   6.4959e+04
6.1221e+12   6.4917e+04
6.1505e+12   6.4875e+04
6.1791e+12   6.4833e+04
6.2078e+12   6.4791e+04
6.2367e+12   6.4748e+04
6.2657e+12   6.4706e+04
6.2949e+12   6.4664e+04
6.3242e+12   6.4622e+04
6.3537e+12   6.4580e+04
6.3833e+12   6.4537e+04
6.4130e+12   6.4495e+04
6.4429e+12   6.4453e+04
6.4730e+12   6.4411e+04
6.5032e+12   6.4368e+04
6.5335e+12   6.4326e+04
6.5641e+12   6.4284e+04
6.5947e+12   6.4242e+04
6.6255e+12   6.4200e+04
6.6565e+12   6.4157e+04
6.6876e+12   6.4115e+04
6.7189e+12   6.4073e+04
6.7504e+12   6.4031e+04
6.7820e+12   6.3989e+04
6.8137e+12   6.3946e+04
6.8456e+12   6.3904e+04
6.8777e+12   6.3862e+04
6.9099e+12   6.3820e+04
6.9423e+12   6.3778e+04
6.9749e+12   6.3735e+04
7.0076e+12   6.3693e+04
7.0405e+12   6.3651e+04
7.0736e+12   6.3609e+04
7.1068e+12   6.3567e+04
7.1402e+12   6.3524e+04
7.1738e+12   6.3482e+04
7.2075e+12   6.3440e+04
7.2414e+12   6.3398e+04
7.2755e+12   6.3356e+04
7.3098e+12   6.3313e+04
7.3442e+12   6.3271e+04
7.3788e+12   6.3229e+04
7.4136e+12   6.3187e+04
7.4485e+12   6.3145e+04
7.4836e+12   6.3102e+04
7.5190e+12   6.3060e+04
7.5544e+12   6.3018e+04
7.5901e+12   6.2976e+04
7.6260e+12   6.2934e+04
7.6620e+12   6.2891e+04
7.6982e+12   6.2849e+04
7.7346e+12   6.2807e+04
7.7712e+12   6.2765e+04
7.8079e+12   6.2723e+04
7.8449e+12   6.2680e+04
7.8820e+12   6.2638e+04
7.9194e+12   6.2596e+04
7.9569e+12   6.2554e+04
7.9946e+12   6.2512e+04
8.0325e+12   6.2469e+04
8.0706e+12   6.2427e+04
8.1089e+12   6.2385e+04
8.1474e+12   6.2343e+04
8.1861e+12   6.2301e+04
8.2249e+12   6.2258e+04
8.2640e+12   6.2216e+04
8.3033e+12   6.2174e+04
8.3428e+12   6.2132e+04
8.3825e+12   6.2090e+04
8.4224e+12   6.2047e+04
8.4625e+12   6.2005e+04
8.5027e+12   6.1963e+04
8.5432e+12   6.1921e+04
8.5840e+12   6.1879e+04
8.6249e+12   6.1836e+04
8.6660e+12   6.1794e+04
8.7073e+12   6.1752e+04
8.7489e+12   6.1710e+04
8.7907e+12   6.1668e+04
8.8326e+12   6.1626e+04
8.8748e+12   6.1583e+04
8.9172e+12   6.1541e+04
8.9599e+12   6.1499e+04
9.0027e+12   6.1457e+04
9.0458e+12   6.1415e+04
9.0891e+12   6.1372e+04
9.1326e+12   6.1330e+04
9.1763e+12   6.1288e+04
9.2203e+12   6.1246e+04
9.2645e+12   6.1204e+04
9.3089e+12   6.1161e+04
9.3535e+12   6.1119e+04
9.3984e+12   6.1077e+04
9.4435e+12   6.1035e+04
9.4888e+12   6.0993e+04
9.5344e+12   6.0950e+04
9.5802e+12   6.0908e+04
9.6263e+12   6.0866e+04
9.6725e+12   6.0824e+04
9.7191e+12   6.0782e+04
9.7658e+12   6.0740e+04
9.8128e+12   6.0697e+04
9.8601e+12   6.0655e+04
9.9076e+12   6.0613e+04
9.9553e+12   6.0571e+04
1.0003e+13   6.0529e+04
1.0052e+13   6.0486e+04
1.0100e+13   6.0444e+04
1.0149e+13   6.0402e+04
1.0198e+13   6.0360e+04
1.0247e+13   6.0318e+04
1.0296e+13   6.0276e+04
1.0346e+13   6.0233e+04
1.0396e+13   6.0191e+04
1.0446e+13   6.0149e+04
1.0497e+13   6.0107e+04
1.0548e+13   6.0065e+04
1.0599e+13   6.0022e+04
1.0650e+13   5.9980e+04
1.0702e+13   5.9938e+04
1.0754e+13   5.9896e+04
1.0806e+13   5.9854e+04
1.0858e+13   5.9812e+04
1.0911e+13   5.9769e+04
1.0964e+13   5.9727e+04
1.1017e+13   5.9685e+04
1.1071e+13   5.9643e+04
1.1124e+13   5.9601e+04
1.1178e+13   5.9558e+04
1.1233e+13   5.9516e+04
1.1287e+13   5.9474e+04
1.1342e+13   5.9432e+04
1.1397e+13   5.9390e+04
1.1453e+13   5.9348e+04
1.1509e+13   5.9305e+04
1.1565e+13   5.9263e+04
1.1621e+13   5.9221e+04
1.1678e+13   5.9179e+04
1.1735e+13   5.9137e+04
1.1792e+13   5.9095e+04
1.1850e+13   5.9052e+04
1.1907e+13   5.9010e+04
1.1966e+13   5.8968e+04
1.2024e+13   5.8926e+04
1.2083e+13   5.8884e+04
1.2142e+13   5.8841e+04
1.2201e+13   5.8799e+04
1.2261e+13   5.8757e+04
1.2321e+13   5.8715e+04
1.2381e+13   5.8673e+04
1.2442e+13   5.8631e+04
1.2503e+13   5.8588e+04
1.2564e+13   5.8546e+04
1.2626e+13   5.8504e+04
1.2688e+13   5.8462e+04
1.2750e+13   5.8420e+04
1.2813e+13   5.8378e+04
1.2876e+13   5.8335e+04
1.2939e+13   5.8293e+04
1.3002e+13   5.8251e+04
1.3066e+13   5.8209e+04
1.3131e+13   5.8167e+04
1.3195e+13   5.8125e+04
1.3260e+13   5.8082e+04
1.3325e+13   5.8040e+04
1.3391e+13   5.7998e+04
1.3457e+13   5.7956e+04
1.3523e+13   5.7914e+04
1.3590e+13   5.7872e+04
1.3657e+13   5.7829e+04
1.3724e+13   5.7787e+04
1.3792e+13   5.7745e+04
1.3860e+13   5.7703e+04
1.3929e+13   5.7661e+04
1.3997e+13   5.7619e+04
1.4067e+13   5.7576e+04
1.4136e+13   5.7534e+04
1.4206e+13   5.7492e+04
1.4276e+13   5.7450e+04
1.4347e+13   5.7408e+04
1.4418e+13   5.7366e+04
1.4489e+13   5.7323e+04
1.4561e+13   5.7281e+04
1.4633e+13   5.7239e+04
1.4706e+13   5.7197e+04
1.4779e+13   5.7155e+04
1.4852e+13   5.7113e+04
1.4926e+13   5.7070e+04
1.5000e+13   5.7028e+04
1.5074e+13   5.6986e+04
1.5149e+13   5.6944e+04
1.5225e+13   5.6902e+04
1.5300e+13   5.6860e+04
1.5376e+13   5.6817e+04
1.5453e+13   5.6775e+04
1.5530e+13   5.6733e+04
1.5607e+13   5.6691e+04
1.5685e+13   5.6649e+04
1.5763e+13   5.6607e+04
1.5842e+13   5.6565e+04
1.5921e+13   5.6522e+04
1.6000e+13   5.6480e+04
1.6080e+13   5.6438e+04
1.6160e+13   5.6396e+04
1.6241e+13   5.6354e+04
1.6322e+13   5.6312e+04
1.6404e+13   5.6269e+04
1.6486e+13   5.6227e+04
1.6568e+13   5.6185e+04
1.6651e+13   5.6143e+04
1.6734e+13   5.6101e+04
1.6818e+13   5.6059e+04
1.6902e+13   5.6016e+04
1.6987e+13   5.5974e+04
1.7072e+13   5.5932e+04
1.7158e+13   5.5890e+04
1.7244e+13   5.5848e+04
1.7330e+13   5.5806e+04
1.7417e+13   5.5764e+04
1.7505e+13   5.5721e+04
3.6511e+13   5.5679e+04
3.6763e+13   5.5637e+04
3.6947e+13   5.5595e+04
3.7132e+13   5.5553e+04
3.7318e+13   5.5511e+04
3.7505e+13   5.5469e+04
3.7693e+13   5.5426e+04
3.7882e+13   5.5384e+04
3.8072e+13   5.5342e+04
3.8262e+13   5.5300e+04
3.8454e+13   5.5258e+04
3.8647e+13   5.5216e+04
3.8841e+13   5.5173e+04
3.9036e+13   5.5131e+04
3.9232e+13   5.5089e+04
3.9429e+13   5.5047e+04
3.9628e+13   5.5005e+04
3.9827e+13   5.4963e+04
4.0027e+13   5.4921e+04
4.0228e+13   5.4878e+04
4.0431e+13   5.4836e+04
4.0634e+13   5.4794e+04
4.0839e+13   5.4752e+04
4.1045e+13   5.4710e+04
4.1252e+13   5.4668e+04
4.1460e+13   5.4626e+04
4.1669e+13   5.4583e+04
4.1879e+13   5.4541e+04
4.2090e+13   5.4499e+04
4.2302e+13   5.4457e+04
4.2516e+13   5.4415e+04
4.2731e+13   5.4373e+04
4.2947e+13   5.4331e+04
4.3164e+13   5.4288e+04
3.0090e+13   5.4246e+04
3.0243e+13   5.4204e+04
3.0396e+13   5.4162e+04
3.0549e+13   5.4120e+04
3.0704e+13   5.4078e+04
3.0859e+13   5.4036e+04
3.1016e+13   5.3993e+04
3.1173e+13   5.3951e+04
3.1331e+13   5.3909e+04
3.1490e+13   5.3867e+04
3.1649e+13   5.3825e+04
3.1810e+13   5.3783e+04
3.1971e+13   5.3741e+04
3.2134e+13   5.3698e+04
3.2297e+13   5.3656e+04
3.2461e+13   5.3614e+04
3.2626e+13   5.3572e+04
3.2792e+13   5.3530e+04
3.2959e+13   5.3488e+04
3.3126e+13   5.3446e+04
3.3295e+13   5.3403e+04
3.3464e+13   5.3361e+04
3.3635e+13   5.3319e+04
3.3806e+13   5.3277e+04
3.3978e+13   5.3235e+04
3.4151e+13   5.3193e+04
3.4325e+13   5.3151e+04
3.4500e+13   5.3108e+04
3.4676e+13   5.3066e+04
3.4853e+13   5.3024e+04
3.5031e+13   5.2982e+04
3.5210e+13   5.2940e+04
3.5390e+13   5.2898e+04
3.5571e+13   5.2856e+04
3.5752e+13   5.2814e+04
3.5935e+13   5.2771e+04
3.6119e+13   5.2729e+04
3.6304e+13   5.2687e+04
3.6490e+13   5.2645e+04
3.6676e+13   5.2603e+04
3.6864e+13   5.2561e+04
3.7053e+13   5.2519e+04
3.7243e+13   5.2476e+04
3.7434e+13   5.2434e+04
3.7626e+13   5.2392e+04
3.7818e+13   5.2350e+04
3.8012e+13   5.2308e+04
3.8208e+13   5.2266e+04
3.8404e+13   5.2224e+04
3.8601e+13   5.2182e+04
3.8799e+13   5.2139e+04
3.8998e+13   5.2097e+04
3.9199e+13   5.2055e+04
3.9400e+13   5.2013e+04
3.9603e+13   5.1971e+04
3.9807e+13   5.1929e+04
4.0012e+13   5.1887e+04
4.0217e+13   5.1845e+04
4.0425e+13   5.1802e+04
4.0633e+13   5.1760e+04
4.0842e+13   5.1718e+04
4.1053e+13   5.1676e+04
4.1264e+13   5.1634e+04
4.1477e+13   5.1592e+04
4.1691e+13   5.1550e+04
4.1906e+13   5.1507e+04
4.2122e+13   5.1465e+04
4.2340e+13   5.1423e+04
4.2558e+13   5.1381e+04
4.2778e+13   5.1339e+04
4.2999e+13   5.1297e+04
4.3221e+13   5.1255e+04
4.3445e+13   5.1213e+04
4.3670e+13   5.1170e+04
4.3896e+13   5.1128e+04
4.4123e+13   5.1086e+04
4.4351e+13   5.1044e+04
4.4581e+13   5.1002e+04
4.4812e+13   5.0960e+04
4.5044e+13   5.0918e+04
4.5277e+13   5.0876e+04
4.5512e+13   5.0834e+04
4.5748e+13   5.0791e+04
4.5985e+13   5.0749e+04
4.6224e+13   5.0707e+04
4.6464e+13   5.0665e+04
4.6705e+13   5.0623e+04
4.6948e+13   5.0581e+04
4.7191e+13   5.0539e+04
4.7437e+13   5.0497e+04
4.7683e+13   5.0454e+04
4.7931e+13   5.0412e+04
4.8180e+13   5.0370e+04
4.8431e+13   5.0328e+04
4.8683e+13   5.0286e+04
4.8937e+13   5.0244e+04
4.9191e+13   5.0202e+04
4.9447e+13   5.0160e+04
4.9705e+13   5.0118e+04
4.9964e+13   5.0075e+04
5.0225e+13   5.0033e+04
5.0486e+13   4.9991e+04
5.0750e+13   4.9949e+04
5.1014e+13   4.9907e+04
5.1281e+13   4.9865e+04
5.1548e+13   4.9823e+04
5.1817e+13   4.9781e+04
5.2088e+13   4.9738e+04
5.2360e+13   4.9696e+04
5.2634e+13   4.9654e+04
5.2909e+13   4.9612e+04
5.3186e+13   4.9570e+04
5.3464e+13   4.9528e+04
5.3743e+13   4.9486e+04
5.4025e+13   4.9444e+04
5.4307e+13   4.9402e+04
5.4592e+13   4.9359e+04
5.4878e+13   4.9317e+04
5.5165e+13   4.9275e+04
5.5454e+13   4.9233e+04
5.5745e+13   4.9191e+04
5.6037e+13   4.9149e+04
5.6331e+13   4.9107e+04
5.6626e+13   4.9065e+04
5.6923e+13   4.9023e+04
5.7222e+13   4.8981e+04
5.7523e+13   4.8938e+04
5.7825e+13   4.8896e+04
5.8128e+13   4.8854e+04
5.8434e+13   4.8812e+04
5.8741e+13   4.8770e+04
5.9050e+13   4.8728e+04
5.9360e+13   4.8686e+04
5.9672e+13   4.8644e+04
5.9986e+13   4.8602e+04
6.0302e+13   4.8559e+04
6.0619e+13   4.8517e+04
6.0938e+13   4.8475e+04
6.1259e+13   4.8433e+04
6.1582e+13   4.8391e+04
6.1906e+13   4.8349e+04
6.2232e+13   4.8307e+04
6.2561e+13   4.8265e+04
6.2890e+13   4.8223e+04
6.3222e+13   4.8181e+04
6.3556e+13   4.8138e+04
6.3891e+13   4.8096e+04
6.4228e+13   4.8054e+04
6.4567e+13   4.8012e+04
6.4908e+13   4.7970e+04
6.5251e+13   4.7928e+04
6.5596e+13   4.7886e+04
6.5942e+13   4.7844e+04
6.6291e+13   4.7802e+04
6.6641e+13   4.7760e+04
6.6994e+13   4.7717e+04
6.7348e+13   4.7675e+04
6.7704e+13   4.7633e+04
6.8062e+13   4.7591e+04
6.8423e+13   4.7549e+04
6.8785e+13   4.7507e+04
6.9149e+13   4.7465e+04
6.9515e+13   4.7423e+04
6.9884e+13   4.7381e+04
7.0254e+13   4.7339e+04
7.0626e+13   4.7296e+04
7.1001e+13   4.7254e+04
7.1377e+13   4.7212e+04
7.1756e+13   4.7170e+04
7.2136e+13   4.7128e+04
7.2519e+13   4.7086e+04
7.2904e+13   4.7044e+04
7.3291e+13   4.7002e+04
7.3680e+13   4.6960e+04
7.4072e+13   4.6918e+04
7.4465e+13   4.6875e+04
7.4861e+13   4.6833e+04
7.5259e+13   4.6791e+04
7.5659e+13   4.6749e+04
7.6061e+13   4.6707e+04
7.6465e+13   4.6665e+04
7.6872e+13   4.6623e+04
7.7281e+13   4.6581e+04
7.7692e+13   4.6539e+04
7.8106e+13   4.6497e+04
7.8521e+13   4.6455e+04
7.8939e+13   4.6412e+04
7.9360e+13   4.6370e+04
7.9783e+13   4.6328e+04
8.0208e+13   4.6286e+04
8.0635e+13   4.6244e+04
8.1065e+13   4.6202e+04
8.1497e+13   4.6160e+04
8.1931e+13   4.6118e+04
8.2368e+13   4.6076e+04
8.2808e+13   4.6034e+04
8.3249e+13   4.5992e+04
8.3694e+13   4.5950e+04
8.4140e+13   4.5907e+04
8.4589e+13   4.5865e+04
8.5041e+13   4.5823e+04
8.5495e+13   4.5781e+04
8.5952e+13   4.5739e+04
8.6411e+13   4.5697e+04
8.6872e+13   4.5655e+04
8.7337e+13   4.5613e+04
8.7803e+13   4.5571e+04
8.8273e+13   4.5529e+04
8.8745e+13   4.5487e+04
8.9219e+13   4.5445e+04
8.9697e+13   4.5402e+04
9.0176e+13   4.5360e+04
9.0659e+13   4.5318e+04
9.1144e+13   4.5276e+04
9.1632e+13   4.5234e+04
9.2122e+13   4.5192e+04
9.2615e+13   4.5150e+04
9.3111e+13   4.5108e+04
9.3610e+13   4.5066e+04
9.4111e+13   4.5024e+04
9.4615e+13   4.4982e+04
9.5122e+13   4.4940e+04
9.5632e+13   4.4897e+04
9.6145e+13   4.4855e+04
9.6660e+13   4.4813e+04
9.7178e+13   4.4771e+04
9.7699e+13   4.4729e+04
9.8223e+13   4.4687e+04
9.8750e+13   4.4645e+04
9.9280e+13   4.4603e+04
9.9812e+13   4.4561e+04
1.0035e+14   4.4519e+04
1.0089e+14   4.4477e+04
1.0143e+14   4.4435e+04
1.0197e+14   4.4393e+04
1.0252e+14   4.4350e+04
1.0307e+14   4.4308e+04
1.0362e+14   4.4266e+04
1.0418e+14   4.4224e+04
1.0474e+14   4.4182e+04
1.0530e+14   4.4140e+04
1.0587e+14   4.4098e+04
1.0644e+14   4.4056e+04
1.0701e+14   4.4014e+04
1.0758e+14   4.3972e+04
1.0816e+14   4.3930e+04
1.0874e+14   4.3888e+04
1.0933e+14   4.3846e+04
1.0992e+14   4.3804e+04
1.1051e+14   4.3761e+04
1.1110e+14   4.3719e+04
1.1170e+14   4.3677e+04
1.1230e+14   4.3635e+04
1.1290e+14   4.3593e+04
1.1351e+14   4.3551e+04
1.1412e+14   4.3509e+04
1.1474e+14   4.3467e+04
1.1535e+14   4.3425e+04
1.1597e+14   4.3383e+04
1.1660e+14   4.3341e+04
1.1723e+14   4.3299e+04
1.1786e+14   4.3257e+04
1.1849e+14   4.3215e+04
1.1913e+14   4.3173e+04
1.1977e+14   4.3130e+04
1.2042e+14   4.3088e+04
1.2106e+14   4.3046e+04
1.2172e+14   4.3004e+04
1.2237e+14   4.2962e+04
1.2303e+14   4.2920e+04
1.2369e+14   4.2878e+04
1.2436e+14   4.2836e+04
1.2503e+14   4.2794e+04
1.2570e+14   4.2752e+04
1.2638e+14   4.2710e+04
1.2706e+14   4.2668e+04
1.2775e+14   4.2626e+04
1.2843e+14   4.2584e+04
1.2913e+14   4.2542e+04
1.2982e+14   4.2500e+04
1.3052e+14   4.2458e+04
1.3123e+14   4.2415e+04
1.3193e+14   4.2373e+04
1.3264e+14   4.2331e+04
1.3336e+14   4.2289e+04
1.3408e+14   4.2247e+04
1.3480e+14   4.2205e+04
1.3553e+14   4.2163e+04
1.3626e+14   4.2121e+04
1.3699e+14   4.2079e+04
1.3773e+14   4.2037e+04
1.3847e+14   4.1995e+04
1.3922e+14   4.1953e+04
1.3997e+14   4.1911e+04
1.4072e+14   4.1869e+04
1.4148e+14   4.1827e+04
1.4224e+14   4.1785e+04
1.4301e+14   4.1743e+04
1.4378e+14   4.1701e+04
1.4456e+14   4.1658e+04
1.4533e+14   4.1616e+04
1.4612e+14   4.1574e+04
1.4690e+14   4.1532e+04
1.4770e+14   4.1490e+04
1.4849e+14   4.1448e+04
1.4929e+14   4.1406e+04
1.5010e+14   4.1364e+04
1.5090e+14   4.1322e+04
1.5172e+14   4.1280e+04
1.5254e+14   4.1238e+04
1.5336e+14   4.1196e+04
1.5418e+14   4.1154e+04
1.5501e+14   4.1112e+04
1.5585e+14   4.1070e+04
1.5669e+14   4.1028e+04
1.5753e+14   4.0986e+04
1.5838e+14   4.0944e+04
1.5923e+14   4.0902e+04
1.6009e+14   4.0860e+04
1.6095e+14   4.0817e+04
1.6182e+14   4.0775e+04
1.6269e+14   4.0733e+04
1.6356e+14   4.0691e+04
1.6444e+14   4.0649e+04
1.6533e+14   4.0607e+04
1.6622e+14   4.0565e+04
1.6711e+14   4.0523e+04
1.6801e+14   4.0481e+04
1.6891e+14   4.0439e+04
1.6982e+14   4.0397e+04
1.7073e+14   4.0355e+04
1.7165e+14   4.0313e+04
1.7257e+14   4.0271e+04
1.7350e+14   4.0229e+04
1.7443e+14   4.0187e+04
1.7537e+14   4.0145e+04
1.7631e+14   4.0103e+04
1.7726e+14   4.0061e+04
1.7821e+14   4.0019e+04
1.7917e+14   3.9977e+04
1.8013e+14   3.9935e+04
1.8110e+14   3.9893e+04
1.8207e+14   3.9851e+04
1.8305e+14   3.9809e+04
1.8403e+14   3.9766e+04
1.8501e+14   3.9724e+04
1.8601e+14   3.9682e+04
1.8700e+14   3.9640e+04
1.8801e+14   3.9598e+04
1.8901e+14   3.9556e+04
1.9003e+14   3.9514e+04
1.9104e+14   3.9472e+04
1.9207e+14   3.9430e+04
1.9309e+14   3.9388e+04
1.9413e+14   3.9346e+04
1.9517e+14   3.9304e+04
1.9621e+14   3.9262e+04
1.9726e+14   3.9220e+04
1.9831e+14   3.9178e+04
1.9937e+14   3.9136e+04
2.0044e+14   3.9094e+04
2.0151e+14   3.9052e+04
2.0259e+14   3.9010e+04
2.0367e+14   3.8968e+04
2.0476e+14   3.8926e+04
2.0585e+14   3.8884e+04
2.0695e+14   3.8842e+04
2.0805e+14   3.8800e+04
2.0916e+14   3.8758e+04
2.1027e+14   3.8716e+04
2.1139e+14   3.8674e+04
2.1252e+14   3.8632e+04
2.1365e+14   3.8590e+04
2.1479e+14   3.8548e+04
2.1593e+14   3.8506e+04
2.1708e+14   3.8464e+04
2.1823e+14   3.8422e+04
2.1939e+14   3.8380e+04
2.2056e+14   3.8338e+04
2.2173e+14   3.8295e+04
2.2291e+14   3.8253e+04
2.2409e+14   3.8211e+04
2.2528e+14   3.8169e+04
2.2647e+14   3.8127e+04
2.2767e+14   3.8085e+04
2.2888e+14   3.8043e+04
2.3009e+14   3.8001e+04
2.3131e+14   3.7959e+04
2.3253e+14   3.7917e+04
2.3376e+14   3.7875e+04
2.3500e+14   3.7833e+04
2.3624e+14   3.7791e+04
2.3749e+14   3.7749e+04
2.3874e+14   3.7707e+04
2.4000e+14   3.7665e+04
2.4126e+14   3.7623e+04
2.4254e+14   3.7581e+04
2.4381e+14   3.7539e+04
2.4510e+14   3.7497e+04
2.4639e+14   3.7455e+04
2.4768e+14   3.7413e+04
2.4898e+14   3.7371e+04
2.5029e+14   3.7329e+04
2.5161e+14   3.7287e+04
2.5293e+14   3.7245e+04
2.5425e+14   3.7203e+04
2.5559e+14   3.7161e+04
2.5692e+14   3.7119e+04
2.5827e+14   3.7077e+04
2.5962e+14   3.7035e+04
2.6098e+14   3.6993e+04
2.6234e+14   3.6951e+04
2.6371e+14   3.6909e+04
2.6509e+14   3.6867e+04
2.6647e+14   3.6825e+04
2.6786e+14   3.6783e+04
2.6925e+14   3.6741e+04
2.7066e+14   3.6699e+04
2.7206e+14   3.6657e+04
2.7348e+14   3.6615e+04
2.7490e+14   3.6573e+04
2.7633e+14   3.6531e+04
2.7776e+14   3.6489e+04
2.7920e+14   3.6447e+04
2.8064e+14   3.6405e+04
2.8210e+14   3.6363e+04
2.8355e+14   3.6321e+04
2.8502e+14   3.6279e+04
2.8649e+14   3.6237e+04
2.8797e+14   3.6195e+04
2.8945e+14   3.6153e+04
2.9094e+14   3.6111e+04
2.9244e+14   3.6069e+04
2.9394e+14   3.6027e+04
2.9545e+14   3.5985e+04
2.9697e+14   3.5943e+04
2.9849e+14   3.5901e+04
3.0002e+14   3.5859e+04
3.0156e+14   3.5817e+04
3.0310e+14   3.5775e+04
3.0465e+14   3.5733e+04
3.0621e+14   3.5691e+04
3.0777e+14   3.5649e+04
3.0933e+14   3.5607e+04
3.1091e+14   3.5565e+04
3.1249e+14   3.5523e+04
3.1408e+14   3.5481e+04
3.1567e+14   3.5439e+04
3.1727e+14   3.5397e+04
3.1888e+14   3.5355e+04
3.2049e+14   3.5313e+04
3.2211e+14   3.5271e+04
3.2374e+14   3.5229e+04
3.2537e+14   3.5187e+04
3.2701e+14   3.5145e+04
3.2865e+14   3.5103e+04
3.3030e+14   3.5061e+04
3.3196e+14   3.5019e+04
3.3363e+14   3.4977e+04
3.3530e+14   3.4935e+04
3.3697e+14   3.4893e+04
3.3866e+14   3.4851e+04
3.4035e+14   3.4809e+04
3.4204e+14   3.4767e+04
3.4374e+14   3.4725e+04
3.4545e+14   3.4683e+04
3.4717e+14   3.4641e+04
3.4889e+14   3.4599e+04
3.5062e+14   3.4557e+04
3.5235e+14   3.4515e+04
3.5409e+14   3.4473e+04
3.5583e+14   3.4431e+04
3.5759e+14   3.4389e+04
3.5934e+14   3.4347e+04
3.6111e+14   3.4305e+04
3.6288e+14   3.4263e+04
3.6465e+14   3.4221e+04
3.6644e+14   3.4180e+04
3.6822e+14   3.4138e+04
3.7002e+14   3.4096e+04
3.7182e+14   3.4054e+04
3.7362e+14   3.4012e+04
3.7544e+14   3.3970e+04
3.7725e+14   3.3928e+04
3.7908e+14   3.3886e+04
3.8091e+14   3.3844e+04
3.8274e+14   3.3802e+04
3.8458e+14   3.3760e+04
3.8643e+14   3.3718e+04
3.8828e+14   3.3676e+04
3.9014e+14   3.3634e+04
3.9200e+14   3.3592e+04
3.9387e+14   3.3550e+04
3.9574e+14   3.3508e+04
3.9762e+14   3.3466e+04
3.9951e+14   3.3424e+04
4.0140e+14   3.3382e+04
4.0329e+14   3.3340e+04
4.0519e+14   3.3298e+04
4.0710e+14   3.3256e+04
4.0901e+14   3.3214e+04
4.1092e+14   3.3172e+04
4.1284e+14   3.3130e+04
4.1477e+14   3.3088e+04
4.1670e+14   3.3046e+04
4.1864e+14   3.3004e+04
4.2058e+14   3.2962e+04
4.2252e+14   3.2921e+04
4.2447e+14   3.2879e+04
4.2642e+14   3.2837e+04
4.2838e+14   3.2795e+04
4.3034e+14   3.2753e+04
4.3231e+14   3.2711e+04
4.3428e+14   3.2669e+04
4.3626e+14   3.2627e+04
4.3824e+14   3.2585e+04
4.4022e+14   3.2543e+04
4.4221e+14   3.2501e+04
4.4420e+14   3.2459e+04
4.4619e+14   3.2417e+04
4.4819e+14   3.2375e+04
4.5019e+14   3.2333e+04
4.5220e+14   3.2291e+04
4.5421e+14   3.2249e+04
4.5622e+14   3.2207e+04
4.5823e+14   3.2165e+04
4.6025e+14   3.2123e+04
4.6227e+14   3.2082e+04
4.6430e+14   3.2040e+04
4.6632e+14   3.1998e+04
4.6835e+14   3.1956e+04
4.7039e+14   3.1914e+04
4.7242e+14   3.1872e+04
4.7446e+14   3.1830e+04
4.7650e+14   3.1788e+04
4.7854e+14   3.1746e+04
4.8058e+14   3.1704e+04
4.8263e+14   3.1662e+04
4.8467e+14   3.1620e+04
4.8672e+14   3.1578e+04
4.8877e+14   3.1536e+04
4.9082e+14   3.1494e+04
4.9287e+14   3.1452e+04
4.9493e+14   3.1410e+04
4.9698e+14   3.1369e+04
4.9903e+14   3.1327e+04
5.0109e+14   3.1285e+04
5.0315e+14   3.1243e+04
5.0520e+14   3.1201e+04
5.0726e+14   3.1159e+04
5.0931e+14   3.1117e+04
5.1137e+14   3.1075e+04
5.1342e+14   3.1033e+04
5.1548e+14   3.0991e+04
5.1753e+14   3.0949e+04
5.1959e+14   3.0907e+04
5.2164e+14   3.0865e+04
5.2369e+14   3.0823e+04
5.2574e+14   3.0782e+04
5.2779e+14   3.0740e+04
5.2983e+14   3.0698e+04
5.3188e+14   3.0656e+04
5.3392e+14   3.0614e+04
5.3596e+14   3.0572e+04
5.3799e+14   3.0530e+04
5.4003e+14   3.0488e+04
5.4206e+14   3.0446e+04
5.4408e+14   3.0404e+04
5.4611e+14   3.0362e+04
5.4813e+14   3.0320e+04
5.5014e+14   3.0279e+04
5.5216e+14   3.0237e+04
5.5416e+14   3.0195e+04
5.5617e+14   3.0153e+04
5.5816e+14   3.0111e+04
5.6016e+14   3.0069e+04
5.6215e+14   3.0027e+04
5.6413e+14   2.9985e+04
5.6610e+14   2.9943e+04
5.6807e+14   2.9901e+04
5.7004e+14   2.9859e+04
5.7199e+14   2.9818e+04
5.7394e+14   2.9776e+04
5.7589e+14   2.9734e+04
5.7782e+14   2.9692e+04
5.7975e+14   2.9650e+04
5.8167e+14   2.9608e+04
5.8358e+14   2.9566e+04
5.8548e+14   2.9524e+04
5.8737e+14   2.9482e+04
5.8926e+14   2.9440e+04
5.9113e+14   2.9399e+04
5.9299e+14   2.9357e+04
5.9485e+14   2.9315e+04
5.9669e+14   2.9273e+04
5.9852e+14   2.9231e+04
6.0034e+14   2.9189e+04
6.0215e+14   2.9147e+04
6.0395e+14   2.9105e+04
6.0574e+14   2.9063e+04
6.0751e+14   2.9022e+04
6.0927e+14   2.8980e+04
6.1101e+14   2.8938e+04
6.1275e+14   2.8896e+04
6.1446e+14   2.8854e+04
6.1617e+14   2.8812e+04
6.1786e+14   2.8770e+04
6.1953e+14   2.8728e+04
6.2119e+14   2.8687e+04
6.2283e+14   2.8645e+04
6.2446e+14   2.8603e+04
6.2606e+14   2.8561e+04
6.2766e+14   2.8519e+04
6.2923e+14   2.8477e+04
6.3078e+14   2.8435e+04
6.3232e+14   2.8393e+04
6.3384e+14   2.8352e+04
6.3534e+14   2.8310e+04
6.3682e+14   2.8268e+04
6.3827e+14   2.8226e+04
6.3971e+14   2.8184e+04
6.4113e+14   2.8142e+04
6.4252e+14   2.8100e+04
6.4389e+14   2.8059e+04
6.4524e+14   2.8017e+04
6.4657e+14   2.7975e+04
6.4787e+14   2.7933e+04
6.4915e+14   2.7891e+04
6.5040e+14   2.7849e+04
6.5163e+14   2.7807e+04
6.5283e+14   2.7766e+04
6.5401e+14   2.7724e+04
6.5515e+14   2.7682e+04
6.5628e+14   2.7640e+04
6.5737e+14   2.7598e+04
6.5844e+14   2.7556e+04
6.5947e+14   2.7514e+04
6.6048e+14   2.7473e+04
6.6146e+14   2.7431e+04
6.6240e+14   2.7389e+04
6.6332e+14   2.7347e+04
6.6420e+14   2.7305e+04
6.6505e+14   2.7263e+04
6.6587e+14   2.7222e+04
6.6666e+14   2.7180e+04
6.6741e+14   2.7138e+04
6.6812e+14   2.7096e+04
6.6881e+14   2.7054e+04
6.6945e+14   2.7012e+04
6.7006e+14   2.6971e+04
6.7063e+14   2.6929e+04
6.7116e+14   2.6887e+04
6.7166e+14   2.6845e+04
6.7211e+14   2.6803e+04
6.7253e+14   2.6762e+04
6.7291e+14   2.6720e+04
6.7324e+14   2.6678e+04
6.7353e+14   2.6636e+04
6.7378e+14   2.6594e+04
6.7399e+14   2.6552e+04
6.7416e+14   2.6511e+04
6.7428e+14   2.6469e+04
6.7435e+14   2.6427e+04
6.7438e+14   2.6385e+04
6.7436e+14   2.6343e+04
6.7430e+14   2.6302e+04
6.7419e+14   2.6260e+04
6.7403e+14   2.6218e+04
6.7382e+14   2.6176e+04
6.7356e+14   2.6134e+04
6.7325e+14   2.6093e+04
6.7288e+14   2.6051e+04
6.7247e+14   2.6009e+04
6.7200e+14   2.5967e+04
6.7149e+14   2.5925e+04
6.7091e+14   2.5884e+04
6.7028e+14   2.5842e+04
6.6960e+14   2.5800e+04
6.6886e+14   2.5758e+04
6.6806e+14   2.5717e+04
6.6721e+14   2.5675e+04
6.6629e+14   2.5633e+04
6.6532e+14   2.5591e+04
6.6429e+14   2.5549e+04
6.6319e+14   2.5508e+04
6.6204e+14   2.5466e+04
6.6082e+14   2.5424e+04
6.5954e+14   2.5382e+04
6.5820e+14   2.5341e+04
6.5679e+14   2.5299e+04
6.5532e+14   2.5257e+04
6.5378e+14   2.5215e+04
6.5218e+14   2.5174e+04
6.5051e+14   2.5132e+04
6.4877e+14   2.5090e+04
6.4696e+14   2.5048e+04
6.4508e+14   2.5007e+04
6.4314e+14   2.4965e+04
6.5271e+14   2.4923e+04
6.5008e+14   2.4881e+04
6.4738e+14   2.4840e+04
6.4461e+14   2.4798e+04
6.4177e+14   2.4756e+04
6.3885e+14   2.4715e+04
6.3587e+14   2.4673e+04
6.3281e+14   2.4631e+04
6.2968e+14   2.4589e+04
6.2648e+14   2.4548e+04
6.2320e+14   2.4506e+04
6.1986e+14   2.4464e+04
6.1644e+14   2.4422e+04
6.1294e+14   2.4381e+04
6.0937e+14   2.4339e+04
6.0573e+14   2.4297e+04
6.0202e+14   2.4256e+04
5.9822e+14   2.4214e+04
5.9436e+14   2.4172e+04
5.9042e+14   2.4131e+04
5.8641e+14   2.4089e+04
5.8232e+14   2.4047e+04
5.7815e+14   2.4006e+04
5.7391e+14   2.3964e+04
5.6960e+14   2.3922e+04
5.6521e+14   2.3881e+04
5.6075e+14   2.3839e+04
5.5621e+14   2.3797e+04
5.5160e+14   2.3756e+04
5.4691e+14   2.3714e+04
5.4215e+14   2.3672e+04
5.3731e+14   2.3631e+04
5.3240e+14   2.3589e+04
5.2742e+14   2.3547e+04
1.0840e+15   2.3506e+04
1.0678e+15   2.3464e+04
1.0491e+15   2.3422e+04
1.0302e+15   2.3381e+04
1.0112e+15   2.3339e+04
9.9214e+14   2.3297e+04
9.7292e+14   2.3256e+04
9.5359e+14   2.3214e+04
9.3415e+14   2.3173e+04
9.1461e+14   2.3131e+04
8.9498e+14   2.3089e+04
8.7527e+14   2.3048e+04
8.5547e+14   2.3006e+04
8.3560e+14   2.2965e+04
8.1567e+14   2.2923e+04
7.9568e+14   2.2882e+04
7.7565e+14   2.2840e+04
7.5557e+14   2.2798e+04
7.3547e+14   2.2757e+04
7.1534e+14   2.2715e+04
6.9520e+14   2.2674e+04
6.7506e+14   2.2632e+04
6.5492e+14   2.2591e+04
6.3481e+14   2.2549e+04
6.1472e+14   2.2508e+04
5.9467e+14   2.2466e+04
5.7468e+14   2.2425e+04
5.5475e+14   2.2383e+04
5.3489e+14   2.2342e+04
5.1512e+14   2.2300e+04
4.9546e+14   2.2259e+04
4.7590e+14   2.2218e+04
4.5648e+14   2.2176e+04
4.3720e+14   2.2135e+04
2.8998e+14   2.2093e+04
2.7684e+14   2.2052e+04
2.6382e+14   2.2010e+04
2.5095e+14   2.1969e+04
2.3822e+14   2.1928e+04
2.2566e+14   2.1886e+04
2.1328e+14   2.1845e+04
2.0109e+14   2.1804e+04
1.8910e+14   2.1762e+04
1.7732e+14   2.1721e+04
1.6576e+14   2.1680e+04
1.5445e+14   2.1638e+04
1.4340e+14   2.1597e+04
1.3261e+14   2.1556e+04
1.2211e+14   2.1515e+04
1.1190e+14   2.1474e+04
1.0202e+14   2.1432e+04
9.2456e+13   2.1391e+04
8.3245e+13   2.1350e+04
7.4396e+13   2.1309e+04
6.5929e+13   2.1268e+04
5.7859e+13   2.1227e+04
5.0206e+13   2.1186e+04
4.2988e+13   2.1145e+04
3.6224e+13   2.1104e+04
2.9934e+13   2.1063e+04
2.4138e+13   2.1022e+04
1.8857e+13   2.0981e+04
1.4115e+13   2.0940e+04
9.9341e+12   2.0899e+04
6.3399e+12   2.0859e+04
3.3573e+12   2.0818e+04
9.8546e+11   2.0778e+04
