Dia: 4.0 m | Vel: 20.0 km/s | theta: 45.0 deg | Strength: 1.0e+05 Pa
Power (W)    Altitude (m)
3.3286e+09   9.9958e+04
3.3405e+09   9.9915e+04
3.3524e+09   9.9873e+04
3.3643e+09   9.9830e+04
3.3764e+09   9.9788e+04
3.3884e+09   9.9745e+04
3.4005e+09   9.9703e+04
3.4127e+09   9.9661e+04
3.4249e+09   9.9618e+04
3.4371e+09   9.9576e+04
3.4494e+09   9.9533e+04
3.4617e+09   9.9491e+04
3.4741e+09   9.9448e+04
3.4866e+09   9.9406e+04
3.4991e+09   9.9364e+04
3.5116e+09   9.9321e+04
3.5242e+09   9.9279e+04
3.5368e+09   9.9236e+04
3.5495e+09   9.9194e+04
3.5622e+09   9.9152e+04
3.5750e+09   9.9109e+04
3.5878e+09   9.9067e+04
3.6007e+09   9.9024e+04
3.6136e+09   9.8982e+04
3.6266e+09   9.8939e+04
3.6396e+09   9.8897e+04
3.6527e+09   9.8855e+04
3.6658e+09   9.8812e+04
3.6790e+09   9.8770e+04
3.6922e+09   9.8727e+04
3.7055e+09   9.8685e+04
3.7188e+09   9.8642e+04
3.7322e+09   9.8600e+04
3.7456e+09   9.8558e+04
3.7591e+09   9.8515e+04
3.7726e+09   9.8473e+04
3.7862e+09   9.8430e+04
3.7999e+09   9.8388e+04
3.8136e+09   9.8346e+04
3.8273e+09   9.8303e+04
3.8411e+09   9.8261e+04
3.8550e+09   9.8218e+04
3.8689e+09   9.8176e+04
3.8829e+09   9.8133e+04
3.8969e+09   9.8091e+04
3.9109e+09   9.8049e+04
3.9251e+09   9.8006e+04
3.9393e+09   9.7964e+04
3.9535e+09   9.7921e+04
3.9678e+09   9.7879e+04
3.9821e+09   9.7837e+04
3.9965e+09   9.7794e+04
4.0110e+09   9.7752e+04
4.0255e+09   9.7709e+04
4.0401e+09   9.7667e+04
4.0547e+09   9.7625e+04
4.0694e+09   9.7582e+04
4.0842e+09   9.7540e+04
4.0990e+09   9.7497e+04
4.1138e+09   9.7455e+04
4.1287e+09   9.7412e+04
4.1437e+09   9.7370e+04
4.1588e+09   9.7328e+04
4.1739e+09   9.7285e+04
4.1890e+09   9.7243e+04
4.2042e+09   9.7200e+04
4.2195e+09   9.7158e+04
4.2348e+09   9.7116e+04
4.2502e+09   9.7073e+04
4.2657e+09   9.7031e+04
4.2812e+09   9.6988e+04
4.2968e+09   9.6946e+04
4.3124e+09   9.6904e+04
4.3281e+09   9.6861e+04
4.3439e+09   9.6819e+04
4.3597e+09   9.6776e+04
4.3756e+09   9.6734e+04
4.3915e+09   9.6692e+04
4.4075e+09   9.6649e+04
4.4236e+09   9.6607e+04
4.4397e+09   9.6564e+04
4.4559e+09   9.6522e+04
4.4722e+09   9.6479e+04
4.4885e+09   9.6437e+04
4.5049e+09   9.6395e+04
4.5213e+09   9.6352e+04
4.5379e+09   9.6310e+04
4.5544e+09   9.6267e+04
4.5711e+09   9.6225e+04
4.5878e+09   9.6183e+04
4.6046e+09   9.6140e+04
4.6214e+09   9.6098e+04
4.6383e+09   9.6055e+04
4.6553e+09   9.6013e+04
4.6724e+09   9.5971e+04
4.6895e+09   9.5928e+04
4.7067e+09   9.5886e+04
4.7239e+09   9.5843e+04
4.7412e+09   9.5801e+04
4.7586e+09   9.5759e+04
4.7761e+09   9.5716e+04
4.7936e+09   9.5674e+04
4.8112e+09   9.5631e+04
4.8288e+09   9.5589e+04
4.8466e+09   9.5547e+04
4.8644e+09   9.5504e+04
4.8822e+09   9.5462e+04
4.9002e+09   9.5419e+04
4.9182e+09   9.5377e+04
4.9363e+09   9.5335e+04
4.9544e+09   9.5292e+04
4.9727e+09   9.5250e+04
4.9910e+09   9.5207e+04
5.0094e+09   9.5165e+04
5.0278e+09   9.5123e+04
5.0463e+09   9.5080e+04
5.0649e+09   9.5038e+04
5.0836e+09   9.4995e+04
5.1023e+09   9.4953e+04
5.1211e+09   9.4911e+04
5.1400e+09   9.4868e+04
5.1590e+09   9.4826e+04
5.1780e+09   9.4784e+04
5.1972e+09   9.4741e+04
5.2163e+09   9.4699e+04
5.2356e+09   9.4656e+04
5.2550e+09   9.4614e+04
5.2744e+09   9.4572e+04
5.2939e+09   9.4529e+04
5.3135e+09   9.4487e+04
5.3331e+09   9.4444e+04
5.3529e+09   9.4402e+04
5.3727e+09   9.4360e+04
5.3926e+09   9.4317e+04
5.4125e+09   9.4275e+04
5.4326e+09   9.4232e+04
5.4527e+09   9.4190e+04
5.4729e+09   9.4148e+04
5.4932e+09   9.4105e+04
5.5136e+09   9.4063e+04
5.5340e+09   9.4020e+04
5.5546e+09   9.3978e+04
5.5752e+09   9.3936e+04
5.5959e+09   9.3893e+04
5.6167e+09   9.3851e+04
5.6376e+09   9.3808e+04
5.6585e+09   9.3766e+04
5.6795e+09   9.3724e+04
5.7007e+09   9.3681e+04
5.7219e+09   9.3639e+04
5.7432e+09   9.3597e+04
5.7645e+09   9.3554e+04
5.7860e+09   9.3512e+04
5.8075e+09   9.3469e+04
5.8292e+09   9.3427e+04
5.8509e+09   9.3385e+04
5.8727e+09   9.3342e+04
5.8946e+09   9.3300e+04
5.9166e+09   9.3257e+04
5.9386e+09   9.3215e+04
5.9608e+09   9.3173e+04
5.9830e+09   9.3130e+04
6.0054e+09   9.3088e+04
6.0278e+09   9.3046e+04
6.0503e+09   9.3003e+04
6.0729e+09   9.2961e+04
6.0956e+09   9.2918e+04
6.1184e+09   9.2876e+04
6.1413e+09   9.2834e+04
6.1643e+09   9.2791e+04
6.1873e+09   9.2749e+04
6.2105e+09   9.2706e+04
6.2338e+09   9.2664e+04
6.2571e+09   9.2622e+04
6.2805e+09   9.2579e+04
6.3041e+09   9.2537e+04
6.3277e+09   9.2495e+04
6.3514e+09   9.2452e+04
6.3753e+09   9.2410e+04
6.3992e+09   9.2367e+04
6.4232e+09   9.2325e+04
6.4473e+09   9.2283e+04
6.4715e+09   9.2240e+04
6.4958e+09   9.2198e+04
6.5202e+09   9.2156e+04
6.5447e+09   9.2113e+04
6.5693e+09   9.2071e+04
6.5940e+09   9.2028e+04
6.6188e+09   9.1986e+04
6.6438e+09   9.1944e+04
6.6688e+09   9.1901e+04
6.6939e+09   9.1859e+04
6.7191e+09   9.1817e+04
6.7444e+09   9.1774e+04
6.7698e+09   9.1732e+04
6.7953e+09   9.1689e+04
6.8209e+09   9.1647e+04
6.8467e+09   9.1605e+04
6.8725e+09   9.1562e+04
6.8984e+09   9.1520e+04
6.9245e+09   9.1477e+04
6.9506e+09   9.1435e+04
6.9769e+09   9.1393e+04
7.0032e+09   9.1350e+04
7.0297e+09   9.1308e+04
7.0562e+09   9.1266e+04
7.0829e+09   9.1223e+04
7.1097e+09   9.1181e+04
7.1366e+09   9.1139e+04
7.1636e+09   9.1096e+04
7.1907e+09   9.1054e+04
7.2180e+09   9.1011e+04
7.2453e+09   9.0969e+04
7.2728e+09   9.0927e+04
7.3003e+09   9.0884e+04
7.3280e+09   9.0842e+04
7.3558e+09   9.0800e+04
7.3837e+09   9.0757e+04
7.4117e+09   9.0715e+04
7.4398e+09   9.0672e+04
7.4681e+09   9.0630e+04
7.4964e+09   9.0588e+04
7.5249e+09   9.0545e+04
7.5535e+09   9.0503e+04
7.5822e+09   9.0461e+04
7.6111e+09   9.0418e+04
7.6400e+09   9.0376e+04
7.6691e+09   9.0333e+04
7.6983e+09   9.0291e+04
7.7276e+09   9.0249e+04
7.7570e+09   9.0206e+04
7.7865e+09   9.0164e+04
7.8162e+09   9.0122e+04
7.8460e+09   9.0079e+04
7.8759e+09   9.0037e+04
7.9059e+09   8.9995e+04
7.9361e+09   8.9952e+04
7.9664e+09   8.9910e+04
7.9968e+09   8.9867e+04
8.0273e+09   8.9825e+04
8.0579e+09   8.9783e+04
8.0887e+09   8.9740e+04
8.1196e+09   8.9698e+04
8.1507e+09   8.9656e+04
8.1818e+09   8.9613e+04
8.2131e+09   8.9571e+04
8.2445e+09   8.9529e+04
8.2761e+09   8.9486e+04
8.3078e+09   8.9444e+04
8.3396e+09   8.9401e+04
8.3715e+09   8.9359e+04
8.4036e+09   8.9317e+04
8.4358e+09   8.9274e+04
8.4681e+09   8.9232e+04
8.5006e+09   8.9190e+04
8.5332e+09   8.9147e+04
8.5659e+09   8.9105e+04
8.5988e+09   8.9063e+04
8.6318e+09   8.9020e+04
8.6650e+09   8.8978e+04
8.6982e+09   8.8935e+04
8.7317e+09   8.8893e+04
8.7652e+09   8.8851e+04
8.7989e+09   8.8808e+04
8.8328e+09   8.8766e+04
8.8667e+09   8.8724e+04
8.9009e+09   8.8681e+04
8.9351e+09   8.8639e+04
8.9695e+09   8.8597e+04
9.0041e+09   8.8554e+04
9.0387e+09   8.8512e+04
9.0736e+09   8.8470e+04
9.1086e+09   8.8427e+04
9.1437e+09   8.8385e+04
9.1789e+09   8.8342e+04
9.2144e+09   8.8300e+04
9.2499e+09   8.8258e+04
9.2856e+09   8.8215e+04
9.3215e+09   8.8173e+04
9.3575e+09   8.8131e+04
9.3936e+09   8.8088e+04
9.4299e+09   8.8046e+04
9.4664e+09   8.8004e+04
9.5030e+09   8.7961e+04
9.5398e+09   8.7919e+04
9.5767e+09   8.7877e+04
9.6137e+09   8.7834e+04
9.6510e+09   8.7792e+04
9.6883e+09   8.7750e+04
9.7259e+09   8.7707e+04
9.7636e+09   8.7665e+04
9.8014e+09   8.7622e+04
9.8394e+09   8.7580e+04
9.8776e+09   8.7538e+04
9.9159e+09   8.7495e+04
9.9544e+09   8.7453e+04
9.9930e+09   8.7411e+04
1.0032e+10   8.7368e+04
1.0071e+10   8.7326e+04
1.0110e+10   8.7284e+04
1.0149e+10   8.7241e+04
1.0189e+10   8.7199e+04
1.0228e+10   8.7157e+04
1.0268e+10   8.7114e+04
1.0308e+10   8.7072e+04
1.0348e+10   8.7030e+04
1.0388e+10   8.6987e+04
1.0429e+10   8.6945e+04
1.0470e+10   8.6903e+04
1.0510e+10   8.6860e+04
1.0551e+10   8.6818e+04
1.0592e+10   8.6776e+04
1.0634e+10   8.6733e+04
1.0675e+10   8.6691e+04
1.0717e+10   8.6648e+04
1.0759e+10   8.6606e+04
1.0801e+10   8.6564e+04
1.0843e+10   8.6521e+04
1.0885e+10   8.6479e+04
1.0928e+10   8.6437e+04
1.0971e+10   8.6394e+04
1.1013e+10   8.6352e+04
1.1057e+10   8.6310e+04
1.1100e+10   8.6267e+04
1.1143e+10   8.6225e+04
1.1187e+10   8.6183e+04
1.1231e+10   8.6140e+04
1.1275e+10   8.6098e+04
1.1319e+10   8.6056e+04
1.1363e+10   8.6013e+04
1.1408e+10   8.5971e+04
1.1453e+10   8.5929e+04
1.1497e+10   8.5886e+04
1.1543e+10   8.5844e+04
1.1588e+10   8.5802e+04
1.1633e+10   8.5759e+04
1.1679e+10   8.5717e+04
1.1725e+10   8.5675e+04
1.1771e+10   8.5632e+04
1.1817e+10   8.5590e+04
1.1864e+10   8.5548e+04
1.1911e+10   8.5505e+04
1.1957e+10   8.5463e+04
1.2004e+10   8.5421e+04
1.2052e+10   8.5378e+04
1.2099e+10   8.5336e+04
1.2147e+10   8.5294e+04
1.2195e+10   8.5251e+04
1.2243e+10   8.5209e+04
1.2291e+10   8.5167e+04
1.2340e+10   8.5124e+04
1.2388e+10   8.5082e+04
1.2437e+10   8.5040e+04
1.2486e+10   8.4997e+04
1.2536e+10   8.4955e+04
1.2585e+10   8.4913e+04
1.2635e+10   8.4870e+04
1.2685e+10   8.4828e+04
1.2735e+10   8.4786e+04
1.2785e+10   8.4743e+04
1.2836e+10   8.4701e+04
1.2887e+10   8.4659e+04
1.2938e+10   8.4616e+04
1.2989e+10   8.4574e+04
1.3040e+10   8.4532e+04
1.3092e+10   8.4489e+04
1.3144e+10   8.4447e+04
1.3196e+10   8.4405e+04
1.3248e+10   8.4362e+04
1.3301e+10   8.4320e+04
1.3354e+10   8.4278e+04
1.3407e+10   8.4235e+04
1.3460e+10   8.4193e+04
1.3513e+10   8.4151e+04
1.3567e+10   8.4108e+04
1.3621e+10   8.4066e+04
1.3675e+10   8.4024e+04
1.3729e+10   8.3981e+04
1.3784e+10   8.3939e+04
1.3839e+10   8.3897e+04
1.3894e+10   8.3854e+04
1.3949e+10   8.3812e+04
1.4005e+10   8.3770e+04
1.4061e+10   8.3727e+04
1.4117e+10   8.3685e+04
1.4173e+10   8.3643e+04
1.4229e+10   8.3600e+04
1.4286e+10   8.3558e+04
1.4343e+10   8.3516e+04
1.4400e+10   8.3473e+04
1.4458e+10   8.3431e+04
1.4516e+10   8.3389e+04
1.4574e+10   8.3346e+04
1.4632e+10   8.3304e+04
1.4690e+10   8.3262e+04
1.4749e+10   8.3219e+04
1.4808e+10   8.3177e+04
1.4867e+10   8.3135e+04
1.4927e+10   8.3092e+04
1.4986e+10   8.3050e+04
1.5046e+10   8.3008e+04
1.5107e+10   8.2965e+04
1.5167e+10   8.2923e+04
1.5228e+10   8.2881e+04
1.5289e+10   8.2839e+04
1.5350e+10   8.2796e+04
1.5412e+10   8.2754e+04
1.5474e+10   8.2712e+04
1.5536e+10   8.2669e+04
1.5598e+10   8.2627e+04
1.5661e+10   8.2585e+04
1.5724e+10   8.2542e+04
1.5787e+10   8.2500e+04
1.5850e+10   8.2458e+04
1.5914e+10   8.2415e+04
1.5978e+10   8.2373e+04
1.6042e+10   8.2331e+04
1.6107e+10   8.2288e+04
1.6172e+10   8.2246e+04
1.6237e+10   8.2204e+04
1.6302e+10   8.2161e+04
1.6368e+10   8.2119e+04
1.6434e+10   8.2077e+04
1.6500e+10   8.2034e+04
1.6567e+10   8.1992e+04
1.6633e+10   8.1950e+04
1.6700e+10   8.1908e+04
1.6768e+10   8.1865e+04
1.6836e+10   8.1823e+04
1.6904e+10   8.1781e+04
1.6972e+10   8.1738e+04
1.7040e+10   8.1696e+04
1.7109e+10   8.1654e+04
1.7178e+10   8.1611e+04
1.7248e+10   8.1569e+04
1.7318e+10   8.1527e+04
1.7388e+10   8.1484e+04
1.7458e+10   8.1442e+04
1.7529e+10   8.1400e+04
1.7600e+10   8.1357e+04
1.7671e+10   8.1315e+04
1.7743e+10   8.1273e+04
1.7815e+10   8.1230e+04
1.7887e+10   8.1188e+04
1.7959e+10   8.1146e+04
1.8032e+10   8.1104e+04
1.8106e+10   8.1061e+04
1.8179e+10   8.1019e+04
1.8253e+10   8.0977e+04
1.8327e+10   8.0934e+04
1.8401e+10   8.0892e+04
1.8476e+10   8.0850e+04
1.8551e+10   8.0807e+04
1.8627e+10   8.0765e+04
1.8703e+10   8.0723e+04
1.8779e+10   8.0680e+04
1.8855e+10   8.0638e+04
1.8932e+10   8.0596e+04
1.9009e+10   8.0554e+04
1.9087e+10   8.0511e+04
1.9164e+10   8.0469e+04
1.9242e+10   8.0427e+04
1.9321e+10   8.0384e+04
1.9400e+10   8.0342e+04
1.9479e+10   8.0300e+04
1.9558e+10   8.0257e+04
1.9638e+10   8.0215e+04
1.9718e+10   8.0173e+04
1.9799e+10   8.0130e+04
1.9880e+10   8.0088e+04
1.9961e+10   8.0046e+04
2.0043e+10   8.0004e+04
2.0125e+10   7.9961e+04
2.0207e+10   7.9919e+04
2.0290e+10   7.9877e+04
2.0373e+10   7.9834e+04
2.0456e+10   7.9792e+04
2.0540e+10   7.9750e+04
2.0624e+10   7.9707e+04
2.0709e+10   7.9665e+04
2.0794e+10   7.9623e+04
2.0879e+10   7.9581e+04
2.0965e+10   7.9538e+04
2.1051e+10   7.9496e+04
2.1137e+10   7.9454e+04
2.1224e+10   7.9411e+04
2.1311e+10   7.9369e+04
2.1399e+10   7.9327e+04
2.1487e+10   7.9284e+04
2.1575e+10   7.9242e+04
2.1664e+10   7.9200e+04
2.1753e+10   7.9158e+04
2.1842e+10   7.9115e+04
2.1932e+10   7.9073e+04
2.2022e+10   7.9031e+04
2.2113e+10   7.8988e+04
2.2204e+10   7.8946e+04
2.2296e+10   7.8904e+04
2.2388e+10   7.8861e+04
2.2480e+10   7.8819e+04
2.2573e+10   7.8777e+04
2.2666e+10   7.8735e+04
2.2759e+10   7.8692e+04
2.2853e+10   7.8650e+04
2.2948e+10   7.8608e+04
2.3043e+10   7.8565e+04
2.3138e+10   7.8523e+04
2.3233e+10   7.8481e+04
2.3329e+10   7.8439e+04
2.3426e+10   7.8396e+04
2.3523e+10   7.8354e+04
2.3620e+10   7.8312e+04
2.3718e+10   7.8269e+04
2.3816e+10   7.8227e+04
2.3915e+10   7.8185e+04
2.4014e+10   7.8142e+04
2.4113e+10   7.8100e+04
2.4213e+10   7.8058e+04
2.4314e+10   7.8016e+04
2.4415e+10   7.7973e+04
2.4516e+10   7.7931e+04
2.4618e+10   7.7889e+04
2.4720e+10   7.7846e+04
2.4822e+10   7.7804e+04
2.4926e+10   7.7762e+04
2.5029e+10   7.7720e+04
2.5133e+10   7.7677e+04
2.5238e+10   7.7635e+04
2.5343e+10   7.7593e+04
2.5448e+10   7.7550e+04
2.5554e+10   7.7508e+04
2.5660e+10   7.7466e+04
2.5767e+10   7.7424e+04
2.5875e+10   7.7381e+04
2.5982e+10   7.7339e+04
2.6091e+10   7.7297e+04
2.6199e+10   7.7254e+04
2.6309e+10   7.7212e+04
2.6418e+10   7.7170e+04
2.6529e+10   7.7128e+04
2.6639e+10   7.7085e+04
2.6751e+10   7.7043e+04
2.6862e+10   7.7001e+04
2.6975e+10   7.6958e+04
2.7087e+10   7.6916e+04
2.7200e+10   7.6874e+04
2.7314e+10   7.6832e+04
2.7428e+10   7.6789e+04
2.7543e+10   7.6747e+04
2.7658e+10   7.6705e+04
2.7774e+10   7.6662e+04
2.7891e+10   7.6620e+04
2.8007e+10   7.6578e+04
2.8125e+10   7.6536e+04
2.8243e+10   7.6493e+04
2.8361e+10   7.6451e+04
2.8480e+10   7.6409e+04
2.8599e+10   7.6366e+04
2.8719e+10   7.6324e+04
2.8840e+10   7.6282e+04
2.8961e+10   7.6240e+04
2.9083e+10   7.6197e+04
2.9205e+10   7.6155e+04
2.9328e+10   7.6113e+04
2.9451e+10   7.6070e+04
2.9575e+10   7.6028e+04
2.9699e+10   7.5986e+04
2.9824e+10   7.5944e+04
2.9950e+10   7.5901e+04
3.0076e+10   7.5859e+04
3.0202e+10   7.5817e+04
3.0330e+10   7.5775e+04
3.0457e+10   7.5732e+04
3.0586e+10   7.5690e+04
3.0715e+10   7.5648e+04
3.0844e+10   7.5605e+04
3.0974e+10   7.5563e+04
3.1105e+10   7.5521e+04
3.1236e+10   7.5479e+04
3.1368e+10   7.5436e+04
3.1501e+10   7.5394e+04
3.1634e+10   7.5352e+04
3.1767e+10   7.5309e+04
3.1902e+10   7.5267e+04
3.2037e+10   7.5225e+04
3.2172e+10   7.5183e+04
3.2308e+10   7.5140e+04
3.2445e+10   7.5098e+04
3.2582e+10   7.5056e+04
3.2720e+10   7.5014e+04
3.2859e+10   7.4971e+04
3.2998e+10   7.4929e+04
3.3138e+10   7.4887e+04
3.3278e+10   7.4845e+04
3.3420e+10   7.4802e+04
3.3561e+10   7.4760e+04
3.3704e+10   7.4718e+04
3.3847e+10   7.4675e+04
3.3991e+10   7.4633e+04
3.4135e+10   7.4591e+04
3.4280e+10   7.4549e+04
3.4426e+10   7.4506e+04
3.4572e+10   7.4464e+04
3.4719e+10   7.4422e+04
3.4867e+10   7.4380e+04
3.5015e+10   7.4337e+04
3.5164e+10   7.4295e+04
3.5314e+10   7.4253e+04
3.5464e+10   7.4210e+04
3.5615e+10   7.4168e+04
3.5767e+10   7.4126e+04
3.5919e+10   7.4084e+04
3.6072e+10   7.4041e+04
3.6226e+10   7.3999e+04
3.6381e+10   7.3957e+04
3.6536e+10   7.3915e+04
3.6692e+10   7.3872e+04
3.6849e+10   7.3830e+04
3.7006e+10   7.3788e+04
3.7164e+10   7.3746e+04
3.7323e+10   7.3703e+04
3.7482e+10   7.3661e+04
3.7643e+10   7.3619e+04
3.7804e+10   7.3576e+04
3.7965e+10   7.3534e+04
3.8128e+10   7.3492e+04
3.8291e+10   7.3450e+04
3.8455e+10   7.3407e+04
3.8620e+10   7.3365e+04
3.8785e+10   7.3323e+04
3.8951e+10   7.3281e+04
3.9118e+10   7.3238e+04
3.9286e+10   7.3196e+04
3.9454e+10   7.3154e+04
3.9624e+10   7.3112e+04
3.9794e+10   7.3069e+04
3.9965e+10   7.3027e+04
4.0136e+10   7.2985e+04
4.0309e+10   7.2943e+04
4.0482e+10   7.2900e+04
4.0656e+10   7.2858e+04
4.0831e+10   7.2816e+04
4.1006e+10   7.2774e+04
4.1183e+10   7.2731e+04
4.1360e+10   7.2689e+04
4.1538e+10   7.2647e+04
4.1717e+10   7.2605e+04
4.1896e+10   7.2562e+04
4.2077e+10   7.2520e+04
4.2258e+10   7.2478e+04
4.2440e+10   7.2435e+04
4.2623e+10   7.2393e+04
4.2807e+10   7.2351e+04
4.2992e+10   7.2309e+04
4.3177e+10   7.2266e+04
4.3364e+10   7.2224e+04
4.3551e+10   7.2182e+04
4.3739e+10   7.2140e+04
4.3928e+10   7.2097e+04
4.4118e+10   7.2055e+04
4.4308e+10   7.2013e+04
4.4500e+10   7.1971e+04
4.4692e+10   7.1928e+04
4.4886e+10   7.1886e+04
4.5080e+10   7.1844e+04
4.5275e+10   7.1802e+04
4.5471e+10   7.1759e+04
4.5668e+10   7.1717e+04
4.5866e+10   7.1675e+04
4.6065e+10   7.1633e+04
4.6264e+10   7.1590e+04
4.6465e+10   7.1548e+04
4.6666e+10   7.1506e+04
4.6869e+10   7.1464e+04
4.7072e+10   7.1421e+04
4.7277e+10   7.1379e+04
4.7482e+10   7.1337e+04
4.7688e+10   7.1295e+04
4.7895e+10   7.1252e+04
4.8104e+10   7.1210e+04
4.8313e+10   7.1168e+04
4.8523e+10   7.1126e+04
4.8734e+10   7.1083e+04
4.8946e+10   7.1041e+04
4.9159e+10   7.0999e+04
4.9373e+10   7.0957e+04
4.9588e+10   7.0914e+04
4.9804e+10   7.0872e+04
5.0021e+10   7.0830e+04
5.0239e+10   7.0788e+04
5.0458e+10   7.0745e+04
5.0678e+10   7.0703e+04
5.0899e+10   7.0661e+04
5.1121e+10   7.0619e+04
5.1344e+10   7.0576e+04
5.1568e+10   7.0534e+04
5.1793e+10   7.0492e+04
5.2019e+10   7.0450e+04
5.2247e+10   7.0408e+04
5.2475e+10   7.0365e+04
5.2704e+10   7.0323e+04
5.2935e+10   7.0281e+04
5.3166e+10   7.0239e+04
5.3399e+10   7.0196e+04
5.3633e+10   7.0154e+04
5.3867e+10   7.0112e+04
5.4103e+10   7.0070e+04
5.4340e+10   7.0027e+04
5.4578e+10   6.9985e+04
5.4818e+10   6.9943e+04
5.5058e+10   6.9901e+04
5.5299e+10   6.9858e+04
5.5542e+10   6.9816e+04
5.5785e+10   6.9774e+04
5.6030e+10   6.9732e+04
5.6276e+10   6.9689e+04
5.6523e+10   6.9647e+04
5.6771e+10   6.9605e+04
5.7021e+10   6.9563e+04
5.7271e+10   6.9520e+04
5.7523e+10   6.9478e+04
5.7776e+10   6.9436e+04
5.8030e+10   6.9394e+04
5.8285e+10   6.9352e+04
5.8542e+10   6.9309e+04
5.8800e+10   6.9267e+04
5.9058e+10   6.9225e+04
5.9318e+10   6.9183e+04
5.9580e+10   6.9140e+04
5.9842e+10   6.9098e+04
6.0106e+10   6.9056e+04
6.0371e+10   6.9014e+04
6.0637e+10   6.8971e+04
6.0905e+10   6.8929e+04
6.1173e+10   6.8887e+04
6.1443e+10   6.8845e+04
6.1715e+10   6.8803e+04
6.1987e+10   6.8760e+04
6.2261e+10   6.8718e+04
6.2536e+10   6.8676e+04
6.2812e+10   6.8634e+04
6.3090e+10   6.8591e+04
6.3369e+10   6.8549e+04
6.3649e+10   6.8507e+04
6.3931e+10   6.8465e+04
6.4214e+10   6.8422e+04
6.4498e+10   6.8380e+04
6.4783e+10   6.8338e+04
6.5070e+10   6.8296e+04
6.5359e+10   6.8254e+04
6.5648e+10   6.8211e+04
6.5939e+10   6.8169e+04
6.6231e+10   6.8127e+04
6.6525e+10   6.8085e+04
6.6820e+10   6.8042e+04
6.7117e+10   6.8000e+04
6.7415e+10   6.7958e+04
6.7714e+10   6.7916e+04
6.8014e+10   6.7873e+04
6.8317e+10   6.7831e+04
6.8620e+10   6.7789e+04
6.8925e+10   6.7747e+04
6.9231e+10   6.7705e+04
6.9539e+10   6.7662e+04
6.9848e+10   6.7620e+04
7.0159e+10   6.7578e+04
7.0471e+10   6.7536e+04
7.0785e+10   6.7493e+04
7.1100e+10   6.7451e+04
7.1417e+10   6.7409e+04
7.1735e+10   6.7367e+04
7.2054e+10   6.7325e+04
7.2375e+10   6.7282e+04
7.2698e+10   6.7240e+04
7.3022e+10   6.7198e+04
7.3348e+10   6.7156e+04
7.3675e+10   6.7113e+04
7.4004e+10   6.7071e+04
7.4334e+10   6.7029e+04
7.4666e+10   6.6987e+04
7.4999e+10   6.6945e+04
7.5334e+10   6.6902e+04
7.5671e+10   6.6860e+04
7.6009e+10   6.6818e+04
7.6349e+10   6.6776e+04
7.6690e+10   6.6733e+04
7.7033e+10   6.6691e+04
7.7378e+10   6.6649e+04
7.7724e+10   6.6607e+04
7.8072e+10   6.6565e+04
7.8421e+10   6.6522e+04
7.8772e+10   6.6480e+04
7.9125e+10   6.6438e+04
7.9479e+10   6.6396e+04
7.9836e+10   6.6354e+04
8.0193e+10   6.6311e+04
8.0553e+10   6.6269e+04
8.0914e+10   6.6227e+04
8.1277e+10   6.6185e+04
8.1642e+10   6.6142e+04
8.2008e+10   6.6100e+04
8.2376e+10   6.6058e+04
8.2746e+10   6.6016e+04
8.3118e+10   6.5974e+04
8.3491e+10   6.5931e+04
8.3866e+10   6.5889e+04
8.4243e+10   6.5847e+04
8.4622e+10   6.5805e+04
8.5002e+10   6.5763e+04
8.5385e+10   6.5720e+04
8.5769e+10   6.5678e+04
8.6155e+10   6.5636e+04
8.6542e+10   6.5594e+04
8.6932e+10   6.5551e+04
8.7323e+10   6.5509e+04
8.7717e+10   6.5467e+04
8.8112e+10   6.5425e+04
8.8509e+10   6.5383e+04
8.8908e+10   6.5340e+04
8.9309e+10   6.5298e+04
8.9711e+10   6.5256e+04
9.0116e+10   6.5214e+04
9.0522e+10   6.5172e+04
9.0931e+10   6.5129e+04
9.1341e+10   6.5087e+04
9.1754e+10   6.5045e+04
9.2168e+10   6.5003e+04
9.2584e+10   6.4961e+04
9.3002e+10   6.4918e+04
9.3423e+10   6.4876e+04
9.3845e+10   6.4834e+04
9.4269e+10   6.4792e+04
9.4695e+10   6.4750e+04
9.5124e+10   6.4707e+04
9.5554e+10   6.4665e+04
9.5986e+10   6.4623e+04
9.6421e+10   6.4581e+04
9.6857e+10   6.4538e+04
9.7296e+10   6.4496e+04
9.7736e+10   6.4454e+04
9.8179e+10   6.4412e+04
9.8624e+10   6.4370e+04
9.9071e+10   6.4327e+04
9.9520e+10   6.4285e+04
9.9971e+10   6.4243e+04
1.0042e+11   6.4201e+04
1.0088e+11   6.4159e+04
1.0134e+11   6.4116e+04
1.0180e+11   6.4074e+04
1.0226e+11   6.4032e+04
1.0272e+11   6.3990e+04
1.0319e+11   6.3948e+04
1.0366e+11   6.3905e+04
1.0413e+11   6.3863e+04
1.0460e+11   6.3821e+04
1.0508e+11   6.3779e+04
1.0556e+11   6.3737e+04
1.0604e+11   6.3694e+04
1.0652e+11   6.3652e+04
1.0700e+11   6.3610e+04
1.0749e+11   6.3568e+04
1.0798e+11   6.3526e+04
1.0847e+11   6.3483e+04
1.0896e+11   6.3441e+04
1.0946e+11   6.3399e+04
1.0996e+11   6.3357e+04
1.1046e+11   6.3315e+04
1.1096e+11   6.3273e+04
1.1147e+11   6.3230e+04
1.1198e+11   6.3188e+04
1.1249e+11   6.3146e+04
1.1300e+11   6.3104e+04
1.1352e+11   6.3062e+04
1.1403e+11   6.3019e+04
1.1455e+11   6.2977e+04
1.1508e+11   6.2935e+04
1.1560e+11   6.2893e+04
1.1613e+11   6.2851e+04
1.1666e+11   6.2808e+04
1.1719e+11   6.2766e+04
1.1773e+11   6.2724e+04
1.1827e+11   6.2682e+04
1.1881e+11   6.2640e+04
1.1935e+11   6.2597e+04
1.1989e+11   6.2555e+04
1.2044e+11   6.2513e+04
1.2099e+11   6.2471e+04
1.2155e+11   6.2429e+04
1.2210e+11   6.2386e+04
1.2266e+11   6.2344e+04
1.2322e+11   6.2302e+04
1.2379e+11   6.2260e+04
1.2435e+11   6.2218e+04
1.2492e+11   6.2176e+04
1.2550e+11   6.2133e+04
1.2607e+11   6.2091e+04
1.2665e+11   6.2049e+04
1.2723e+11   6.2007e+04
1.2781e+11   6.1965e+04
1.2840e+11   6.1922e+04
1.2899e+11   6.1880e+04
1.2958e+11   6.1838e+04
1.3017e+11   6.1796e+04
1.3077e+11   6.1754e+04
1.3137e+11   6.1712e+04
1.3197e+11   6.1669e+04
1.3258e+11   6.1627e+04
1.3319e+11   6.1585e+04
1.3380e+11   6.1543e+04
1.3441e+11   6.1501e+04
1.3503e+11   6.1458e+04
1.3565e+11   6.1416e+04
1.3627e+11   6.1374e+04
1.3690e+11   6.1332e+04
1.3753e+11   6.1290e+04
1.3816e+11   6.1248e+04
1.3880e+11   6.1205e+04
1.3944e+11   6.1163e+04
1.4008e+11   6.1121e+04
1.4072e+11   6.1079e+04
1.4137e+11   6.1037e+04
1.4202e+11   6.0994e+04
1.4267e+11   6.0952e+04
1.4333e+11   6.0910e+04
1.4399e+11   6.0868e+04
1.4465e+11   6.0826e+04
1.4532e+11   6.0784e+04
1.4599e+11   6.0741e+04
1.4666e+11   6.0699e+04
1.4734e+11   6.0657e+04
1.4802e+11   6.0615e+04
1.4870e+11   6.0573e+04
1.4938e+11   6.0530e+04
1.5007e+11   6.0488e+04
1.5076e+11   6.0446e+04
1.5146e+11   6.0404e+04
1.5216e+11   6.0362e+04
1.5286e+11   6.0320e+04
1.5356e+11   6.0277e+04
1.5427e+11   6.0235e+04
1.5499e+11   6.0193e+04
1.5570e+11   6.0151e+04
1.5642e+11   6.0109e+04
1.5714e+11   6.0067e+04
1.5787e+11   6.0024e+04
1.5860e+11   5.9982e+04
1.5933e+11   5.9940e+04
1.6006e+11   5.9898e+04
1.6080e+11   5.9856e+04
1.6155e+11   5.9814e+04
1.6229e+11   5.9771e+04
1.6304e+11   5.9729e+04
1.6380e+11   5.9687e+04
1.6455e+11   5.9645e+04
1.6531e+11   5.9603e+04
1.6608e+11   5.9561e+04
1.6685e+11   5.9518e+04
1.6762e+11   5.9476e+04
1.6839e+11   5.9434e+04
1.6917e+11   5.9392e+04
1.6996e+11   5.9350e+04
1.7074e+11   5.9308e+04
1.7153e+11   5.9265e+04
1.7233e+11   5.9223e+04
1.7312e+11   5.9181e+04
1.7392e+11   5.9139e+04
1.7473e+11   5.9097e+04
1.7554e+11   5.9055e+04
1.7635e+11   5.9012e+04
1.7717e+11   5.8970e+04
1.7799e+11   5.8928e+04
1.7881e+11   5.8886e+04
1.7964e+11   5.8844e+04
1.8047e+11   5.8802e+04
1.8131e+11   5.8759e+04
1.8215e+11   5.8717e+04
1.8299e+11   5.8675e+04
1.8384e+11   5.8633e+04
1.8469e+11   5.8591e+04
1.8555e+11   5.8549e+04
1.8641e+11   5.8506e+04
1.8727e+11   5.8464e+04
1.8814e+11   5.8422e+04
1.8902e+11   5.8380e+04
1.8989e+11   5.8338e+04
1.9077e+11   5.8296e+04
1.9166e+11   5.8253e+04
1.9255e+11   5.8211e+04
1.9344e+11   5.8169e+04
1.9434e+11   5.8127e+04
1.9524e+11   5.8085e+04
1.9614e+11   5.8043e+04
1.9705e+11   5.8001e+04
1.9797e+11   5.7958e+04
1.9889e+11   5.7916e+04
1.9981e+11   5.7874e+04
2.0074e+11   5.7832e+04
2.0167e+11   5.7790e+04
2.0260e+11   5.7748e+04
2.0355e+11   5.7705e+04
2.0449e+11   5.7663e+04
2.0544e+11   5.7621e+04
2.0639e+11   5.7579e+04
2.0735e+11   5.7537e+04
2.0831e+11   5.7495e+04
2.0928e+11   5.7453e+04
2.1025e+11   5.7410e+04
2.1123e+11   5.7368e+04
2.1221e+11   5.7326e+04
2.1320e+11   5.7284e+04
2.1419e+11   5.7242e+04
2.1518e+11   5.7200e+04
2.1618e+11   5.7157e+04
2.1718e+11   5.7115e+04
2.1819e+11   5.7073e+04
2.1921e+11   5.7031e+04
2.2022e+11   5.6989e+04
2.2125e+11   5.6947e+04
2.2227e+11   5.6905e+04
2.2331e+11   5.6862e+04
2.2434e+11   5.6820e+04
2.2539e+11   5.6778e+04
2.2643e+11   5.6736e+04
2.2748e+11   5.6694e+04
2.2854e+11   5.6652e+04
2.2960e+11   5.6610e+04
2.3067e+11   5.6567e+04
2.3174e+11   5.6525e+04
2.3282e+11   5.6483e+04
2.3390e+11   5.6441e+04
2.3499e+11   5.6399e+04
2.3608e+11   5.6357e+04
2.3717e+11   5.6315e+04
2.3828e+11   5.6272e+04
2.3938e+11   5.6230e+04
2.4049e+11   5.6188e+04
2.4161e+11   5.6146e+04
2.4273e+11   5.6104e+04
2.4386e+11   5.6062e+04
2.4499e+11   5.6020e+04
2.4613e+11   5.5977e+04
2.4727e+11   5.5935e+04
2.4842e+11   5.5893e+04
2.4958e+11   5.5851e+04
2.5073e+11   5.5809e+04
2.5190e+11   5.5767e+04
2.5307e+11   5.5725e+04
2.5424e+11   5.5682e+04
5.3001e+11   5.5640e+04
5.3339e+11   5.5598e+04
5.3576e+11   5.5556e+04
5.3815e+11   5.5514e+04
5.4054e+11   5.5472e+04
5.4294e+11   5.5430e+04
5.4536e+11   5.5387e+04
5.4778e+11   5.5345e+04
5.5021e+11   5.5303e+04
5.5265e+11   5.5261e+04
5.5511e+11   5.5219e+04
5.5757e+11   5.5177e+04
5.6004e+11   5.5135e+04
5.6253e+11   5.5093e+04
5.6502e+11   5.5050e+04
5.6752e+11   5.5008e+04
5.7004e+11   5.4966e+04
5.7256e+11   5.4924e+04
5.7509e+11   5.4882e+04
5.7764e+11   5.4840e+04
5.8019e+11   5.4798e+04
5.8276e+11   5.4756e+04
5.8533e+11   5.4713e+04
5.8792e+11   5.4671e+04
5.9051e+11   5.4629e+04
5.9312e+11   5.4587e+04
5.9574e+11   5.4545e+04
5.9836e+11   5.4503e+04
6.0100e+11   5.4461e+04
6.0365e+11   5.4418e+04
6.0631e+11   5.4376e+04
6.0898e+11   5.4334e+04
6.1165e+11   5.4292e+04
6.1434e+11   5.4250e+04
4.2799e+11   5.4208e+04
4.2987e+11   5.4166e+04
4.3176e+11   5.4124e+04
4.3366e+11   5.4081e+04
4.3556e+11   5.4039e+04
4.3747e+11   5.3997e+04
4.3939e+11   5.3955e+04
4.4131e+11   5.3913e+04
4.4325e+11   5.3871e+04
4.4519e+11   5.3829e+04
4.4713e+11   5.3787e+04
4.4909e+11   5.3745e+04
4.5105e+11   5.3702e+04
4.5302e+11   5.3660e+04
4.5500e+11   5.3618e+04
4.5698e+11   5.3576e+04
4.5898e+11   5.3534e+04
4.6098e+11   5.3492e+04
4.6299e+11   5.3450e+04
4.6500e+11   5.3408e+04
4.6702e+11   5.3365e+04
4.6905e+11   5.3323e+04
4.7109e+11   5.3281e+04
4.7314e+11   5.3239e+04
4.7519e+11   5.3197e+04
4.7725e+11   5.3155e+04
4.7932e+11   5.3113e+04
4.8140e+11   5.3071e+04
4.8348e+11   5.3029e+04
4.8558e+11   5.2986e+04
4.8768e+11   5.2944e+04
4.8978e+11   5.2902e+04
4.9190e+11   5.2860e+04
4.9402e+11   5.2818e+04
4.9615e+11   5.2776e+04
4.9829e+11   5.2734e+04
5.0044e+11   5.2692e+04
5.0259e+11   5.2650e+04
5.0475e+11   5.2607e+04
5.0692e+11   5.2565e+04
5.0910e+11   5.2523e+04
5.1128e+11   5.2481e+04
5.1347e+11   5.2439e+04
5.1567e+11   5.2397e+04
5.1788e+11   5.2355e+04
5.2010e+11   5.2313e+04
5.2232e+11   5.2271e+04
5.2455e+11   5.2228e+04
5.2679e+11   5.2186e+04
5.2904e+11   5.2144e+04
5.3129e+11   5.2102e+04
5.3356e+11   5.2060e+04
5.3583e+11   5.2018e+04
5.3810e+11   5.1976e+04
5.4039e+11   5.1934e+04
5.4268e+11   5.1892e+04
5.4498e+11   5.1850e+04
5.4729e+11   5.1807e+04
5.4961e+11   5.1765e+04
5.5193e+11   5.1723e+04
5.5426e+11   5.1681e+04
5.5660e+11   5.1639e+04
5.5895e+11   5.1597e+04
5.6131e+11   5.1555e+04
5.6367e+11   5.1513e+04
5.6604e+11   5.1471e+04
5.6842e+11   5.1429e+04
5.7080e+11   5.1386e+04
5.7320e+11   5.1344e+04
5.7560e+11   5.1302e+04
5.7801e+11   5.1260e+04
5.8042e+11   5.1218e+04
5.8285e+11   5.1176e+04
5.8528e+11   5.1134e+04
5.8772e+11   5.1092e+04
5.9016e+11   5.1050e+04
5.9262e+11   5.1008e+04
5.9508e+11   5.0966e+04
5.9755e+11   5.0923e+04
6.0003e+11   5.0881e+04
6.0251e+11   5.0839e+04
6.0500e+11   5.0797e+04
6.0750e+11   5.0755e+04
6.1001e+11   5.0713e+04
6.1252e+11   5.0671e+04
6.1504e+11   5.0629e+04
6.1757e+11   5.0587e+04
6.2011e+11   5.0545e+04
6.2265e+11   5.0503e+04
6.2520e+11   5.0461e+04
6.2776e+11   5.0418e+04
6.3032e+11   5.0376e+04
6.3290e+11   5.0334e+04
6.3548e+11   5.0292e+04
6.3806e+11   5.0250e+04
6.4066e+11   5.0208e+04
6.4326e+11   5.0166e+04
6.4586e+11   5.0124e+04
6.4848e+11   5.0082e+04
6.5110e+11   5.0040e+04
6.5373e+11   4.9998e+04
6.5637e+11   4.9956e+04
6.5901e+11   4.9913e+04
6.6166e+11   4.9871e+04
6.6431e+11   4.9829e+04
6.6698e+11   4.9787e+04
6.6965e+11   4.9745e+04
6.7232e+11   4.9703e+04
6.7500e+11   4.9661e+04
6.7769e+11   4.9619e+04
6.8039e+11   4.9577e+04
6.8309e+11   4.9535e+04
6.8580e+11   4.9493e+04
6.8852e+11   4.9451e+04
6.9124e+11   4.9409e+04
6.9397e+11   4.9366e+04
6.9670e+11   4.9324e+04
6.9944e+11   4.9282e+04
7.0219e+11   4.9240e+04
7.0494e+11   4.9198e+04
7.0770e+11   4.9156e+04
7.1046e+11   4.9114e+04
7.1323e+11   4.9072e+04
7.1601e+11   4.9030e+04
7.1879e+11   4.8988e+04
7.2158e+11   4.8946e+04
7.2437e+11   4.8904e+04
7.2717e+11   4.8862e+04
7.2997e+11   4.8820e+04
7.3278e+11   4.8778e+04
7.3560e+11   4.8735e+04
7.3842e+11   4.8693e+04
7.4125e+11   4.8651e+04
7.4408e+11   4.8609e+04
7.4691e+11   4.8567e+04
7.4975e+11   4.8525e+04
7.5260e+11   4.8483e+04
7.5545e+11   4.8441e+04
7.5830e+11   4.8399e+04
7.6116e+11   4.8357e+04
7.6403e+11   4.8315e+04
7.6690e+11   4.8273e+04
7.6977e+11   4.8231e+04
7.7265e+11   4.8189e+04
7.7553e+11   4.8147e+04
7.7842e+11   4.8105e+04
7.8131e+11   4.8063e+04
7.8420e+11   4.8021e+04
7.8710e+11   4.7978e+04
7.9000e+11   4.7936e+04
7.9291e+11   4.7894e+04
7.9581e+11   4.7852e+04
7.9873e+11   4.7810e+04
8.0164e+11   4.7768e+04
8.0456e+11   4.7726e+04
8.0748e+11   4.7684e+04
8.1041e+11   4.7642e+04
8.1333e+11   4.7600e+04
8.1626e+11   4.7558e+04
8.1920e+11   4.7516e+04
8.2213e+11   4.7474e+04
8.2507e+11   4.7432e+04
8.2801e+11   4.7390e+04
8.3095e+11   4.7348e+04
8.3390e+11   4.7306e+04
8.3684e+11   4.7264e+04
8.3979e+11   4.7222e+04
8.4274e+11   4.7180e+04
8.4569e+11   4.7138e+04
8.4864e+11   4.7096e+04
8.5159e+11   4.7053e+04
8.5455e+11   4.7011e+04
8.5750e+11   4.6969e+04
8.6046e+11   4.6927e+04
8.6341e+11   4.6885e+04
8.6637e+11   4.6843e+04
8.6933e+11   4.6801e+04
8.7228e+11   4.6759e+04
8.7524e+11   4.6717e+04
8.7820e+11   4.6675e+04
8.8115e+11   4.6633e+04
8.8411e+11   4.6591e+04
8.8706e+11   4.6549e+04
8.9002e+11   4.6507e+04
8.9297e+11   4.6465e+04
8.9592e+11   4.6423e+04
8.9887e+11   4.6381e+04
9.0182e+11   4.6339e+04
9.0476e+11   4.6297e+04
9.0771e+11   4.6255e+04
9.1065e+11   4.6213e+04
9.1359e+11   4.6171e+04
9.1653e+11   4.6129e+04
9.1946e+11   4.6087e+04
9.2239e+11   4.6045e+04
9.2532e+11   4.6003e+04
9.2824e+11   4.5961e+04
9.3116e+11   4.5919e+04
9.3408e+11   4.5877e+04
9.3699e+11   4.5835e+04
9.3990e+11   4.5793e+04
9.4280e+11   4.5751e+04
9.4570e+11   4.5709e+04
9.4860e+11   4.5667e+04
9.5149e+11   4.5625e+04
9.5437e+11   4.5583e+04
9.5725e+11   4.5541e+04
9.6012e+11   4.5499e+04
9.6298e+11   4.5457e+04
9.6584e+11   4.5415e+04
9.6869e+11   4.5372e+04
9.7154e+11   4.5330e+04
9.7438e+11   4.5288e+04
9.7721e+11   4.5246e+04
9.8003e+11   4.5204e+04
9.8284e+11   4.5162e+04
9.8565e+11   4.5120e+04
9.8845e+11   4.5078e+04
9.9123e+11   4.5036e+04
9.9401e+11   4.4994e+04
9.9678e+11   4.4952e+04
9.9954e+11   4.4910e+04
1.0023e+12   4.4868e+04
1.0050e+12   4.4826e+04
1.0078e+12   4.4784e+04
1.0105e+12   4.4742e+04
1.0132e+12   4.4700e+04
1.0159e+12   4.4658e+04
1.0186e+12   4.4616e+04
1.0212e+12   4.4574e+04
1.0239e+12   4.4532e+04
1.0265e+12   4.4490e+04
1.0292e+12   4.4448e+04
1.0318e+12   4.4406e+04
1.0344e+12   4.4364e+04
1.0370e+12   4.4323e+04
1.0396e+12   4.4281e+04
1.0421e+12   4.4239e+04
1.0447e+12   4.4197e+04
1.0472e+12   4.4155e+04
1.0497e+12   4.4113e+04
1.0522e+12   4.4071e+04
1.0547e+12   4.4029e+04
1.0571e+12   4.3987e+04
1.0596e+12   4.3945e+04
1.0620e+12   4.3903e+04
1.0644e+12   4.3861e+04
1.0668e+12   4.3819e+04
1.0692e+12   4.3777e+04
1.0715e+12   4.3735e+04
1.0739e+12   4.3693e+04
1.0762e+12   4.3651e+04
1.0785e+12   4.3609e+04
1.0807e+12   4.3567e+04
1.0830e+12   4.3525e+04
1.0852e+12   4.3483e+04
1.0874e+12   4.3441e+04
1.0896e+12   4.3399e+04
1.0918e+12   4.3357e+04
1.0939e+12   4.3315e+04
1.0960e+12   4.3273e+04
1.0981e+12   4.3231e+04
1.1001e+12   4.3189e+04
1.1022e+12   4.3147e+04
1.1042e+12   4.3105e+04
1.1061e+12   4.3063e+04
1.1081e+12   4.3021e+04
1.1100e+12   4.2979e+04
1.1119e+12   4.2937e+04
1.1138e+12   4.2895e+04
1.1156e+12   4.2853e+04
1.1174e+12   4.2812e+04
1.1192e+12   4.2770e+04
1.1210e+12   4.2728e+04
1.1227e+12   4.2686e+04
1.1244e+12   4.2644e+04
1.1260e+12   4.2602e+04
1.1276e+12   4.2560e+04
1.1292e+12   4.2518e+04
1.1308e+12   4.2476e+04
1.1323e+12   4.2434e+04
1.1338e+12   4.2392e+04
1.1352e+12   4.2350e+04
1.1366e+12   4.2308e+04
1.1380e+12   4.2266e+04
1.1394e+12   4.2224e+04
1.1407e+12   4.2182e+04
1.1419e+12   4.2140e+04
1.1431e+12   4.2098e+04
1.1443e+12   4.2057e+04
1.1455e+12   4.2015e+04
1.1466e+12   4.1973e+04
1.1476e+12   4.1931e+04
1.1486e+12   4.1889e+04
1.1496e+12   4.1847e+04
1.1506e+12   4.1805e+04
1.1514e+12   4.1763e+04
1.1523e+12   4.1721e+04
1.1531e+12   4.1679e+04
1.1538e+12   4.1637e+04
1.1546e+12   4.1595e+04
1.1552e+12   4.1553e+04
1.1558e+12   4.1511e+04
1.1564e+12   4.1470e+04
1.1569e+12   4.1428e+04
1.1574e+12   4.1386e+04
1.1578e+12   4.1344e+04
1.1582e+12   4.1302e+04
1.1585e+12   4.1260e+04
1.1587e+12   4.1218e+04
1.1589e+12   4.1176e+04
1.1591e+12   4.1134e+04
1.1592e+12   4.1092e+04
1.1592e+12   4.1050e+04
1.1592e+12   4.1009e+04
1.1592e+12   4.0967e+04
1.1590e+12   4.0925e+04
1.1589e+12   4.0883e+04
1.1586e+12   4.0841e+04
1.1583e+12   4.0799e+04
1.1580e+12   4.0757e+04
1.1576e+12   4.0715e+04
1.1571e+12   4.0673e+04
1.1565e+12   4.0631e+04
1.1559e+12   4.0590e+04
1.1553e+12   4.0548e+04
1.1545e+12   4.0506e+04
1.1537e+12   4.0464e+04
1.1529e+12   4.0422e+04
1.1519e+12   4.0380e+04
1.1509e+12   4.0338e+04
1.1499e+12   4.0296e+04
1.1487e+12   4.0255e+04
1.1475e+12   4.0213e+04
1.1463e+12   4.0171e+04
1.1449e+12   4.0129e+04
1.1435e+12   4.0087e+04
1.1420e+12   4.0045e+04
1.1405e+12   4.0003e+04
1.1388e+12   3.9961e+04
1.1371e+12   3.9920e+04
1.1353e+12   3.9878e+04
1.1335e+12   3.9836e+04
1.1316e+12   3.9794e+04
1.1295e+12   3.9752e+04
1.1275e+12   3.9710e+04
1.1253e+12   3.9668e+04
1.1230e+12   3.9627e+04
1.1207e+12   3.9585e+04
1.1183e+12   3.9543e+04
1.1158e+12   3.9501e+04
1.1132e+12   3.9459e+04
1.1106e+12   3.9417e+04
1.1079e+12   3.9376e+04
1.1050e+12   3.9334e+04
1.1021e+12   3.9292e+04
1.0991e+12   3.9250e+04
1.0961e+12   3.9208e+04
1.0929e+12   3.9166e+04
1.0896e+12   3.9125e+04
1.0863e+12   3.9083e+04
1.0829e+12   3.9041e+04
1.0793e+12   3.8999e+04
1.0757e+12   3.8957e+04
1.0720e+12   3.8915e+04
1.0682e+12   3.8874e+04
1.0644e+12   3.8832e+04
1.0604e+12   3.8790e+04
1.0563e+12   3.8748e+04
1.0522e+12   3.8706e+04
1.0479e+12   3.8665e+04
1.0435e+12   3.8623e+04
1.0391e+12   3.8581e+04
1.0346e+12   3.8539e+04
1.0299e+12   3.8497e+04
1.0252e+12   3.8456e+04
1.0204e+12   3.8414e+04
1.0154e+12   3.8372e+04
1.0104e+12   3.8330e+04
1.0053e+12   3.8288e+04
1.0000e+12   3.8247e+04
9.9472e+11   3.8205e+04
9.8930e+11   3.8163e+04
9.8377e+11   3.8121e+04
9.7815e+11   3.8080e+04
9.7243e+11   3.8038e+04
9.6660e+11   3.7996e+04
9.6068e+11   3.7954e+04
9.5465e+11   3.7912e+04
9.4852e+11   3.7871e+04
9.4229e+11   3.7829e+04
9.3596e+11   3.7787e+04
9.2953e+11   3.7745e+04
9.2299e+11   3.7704e+04
9.1636e+11   3.7662e+04
9.0962e+11   3.7620e+04
9.0278e+11   3.7579e+04
8.9584e+11   3.7537e+04
8.8880e+11   3.7495e+04
8.8165e+11   3.7453e+04
8.7440e+11   3.7412e+04
8.6706e+11   3.7370e+04
8.5961e+11   3.7328e+04
8.5206e+11   3.7286e+04
8.4441e+11   3.7245e+04
8.3666e+11   3.7203e+04
8.2881e+11   3.7161e+04
8.2087e+11   3.7120e+04
8.1282e+11   3.7078e+04
8.0468e+11   3.7036e+04
7.9644e+11   3.6994e+04
7.8810e+11   3.6953e+04
7.7966e+11   3.6911e+04
7.7113e+11   3.6869e+04
7.6251e+11   3.6828e+04
7.5379e+11   3.6786e+04
7.4499e+11   3.6744e+04
7.3608e+11   3.6703e+04
7.2709e+11   3.6661e+04
7.1801e+11   3.6619e+04
7.0884e+11   3.6578e+04
6.9959e+11   3.6536e+04
6.9025e+11   3.6494e+04
6.8082e+11   3.6453e+04
6.7132e+11   3.6411e+04
6.6173e+11   3.6369e+04
6.5206e+11   3.6328e+04
6.4232e+11   3.6286e+04
6.3250e+11   3.6245e+04
6.2260e+11   3.6203e+04
6.1264e+11   3.6161e+04
6.0260e+11   3.6120e+04
5.9250e+11   3.6078e+04
5.8233e+11   3.6037e+04
5.7210e+11   3.5995e+04
5.6181e+11   3.5953e+04
5.5146e+11   3.5912e+04
5.4105e+11   3.5870e+04
5.3059e+11   3.5829e+04
5.2009e+11   3.5787e+04
5.0953e+11   3.5745e+04
4.9894e+11   3.5704e+04
4.8830e+11   3.5662e+04
4.7763e+11   3.5621e+04
4.6692e+11   3.5579e+04
4.5618e+11   3.5538e+04
4.4542e+11   3.5496e+04
4.3464e+11   3.5455e+04
4.2383e+11   3.5413e+04
4.1302e+11   3.5372e+04
4.0219e+11   3.5330e+04
3.9136e+11   3.5289e+04
3.8053e+11   3.5247e+04
3.6970e+11   3.5206e+04
3.5888e+11   3.5164e+04
3.4808e+11   3.5123e+04
3.3729e+11   3.5081e+04
3.2653e+11   3.5040e+04
3.1580e+11   3.4998e+04
3.0511e+11   3.4957e+04
2.9445e+11   3.4915e+04
2.8385e+11   3.4874e+04
2.7330e+11   3.4833e+04
2.6281e+11   3.4791e+04
2.5239e+11   3.4750e+04
2.4204e+11   3.4708e+04
2.3177e+11   3.4667e+04
2.2159e+11   3.4626e+04
2.1151e+11   3.4584e+04
2.0153e+11   3.4543e+04
1.9166e+11   3.4502e+04
1.8192e+11   3.4460e+04
1.7230e+11   3.4419e+04
1.6281e+11   3.4378e+04
1.5347e+11   3.4336e+04
1.4429e+11   3.4295e+04
1.3527e+11   3.4254e+04
1.2642e+11   3.4213e+04
1.1776e+11   3.4171e+04
1.0929e+11   3.4130e+04
1.0102e+11   3.4089e+04
9.2964e+10   3.4048e+04
8.5135e+10   3.4007e+04
7.7544e+10   3.3965e+04
7.0200e+10   3.3924e+04
6.3118e+10   3.3883e+04
5.6309e+10   3.3842e+04
4.9787e+10   3.3801e+04
4.3567e+10   3.3760e+04
3.7663e+10   3.3719e+04
3.2091e+10   3.3678e+04
2.6872e+10   3.3637e+04
2.2023e+10   3.3596e+04
1.7570e+10   3.3555e+04
1.3541e+10   3.3514e+04
9.9671e+09   3.3474e+04
6.8881e+09   3.3433e+04
4.3453e+09   3.3392e+04
2.3735e+09   3.3352e+04
9.7571e+08   3.3311e+04
