Dia: 4.0 m | Vel: 20.0 km/s | theta: 45.0 deg | Strength: 1.0e+05 Pa
Power (W)    Time (sec)
3.3286e+09   3.0000e-03
3.3405e+09   6.0000e-03
3.3524e+09   9.0000e-03
3.3643e+09   1.2000e-02
3.3764e+09   1.5000e-02
3.3884e+09   1.8000e-02
3.4005e+09   2.1000e-02
3.4127e+09   2.4000e-02
3.4249e+09   2.7000e-02
3.4371e+09   3.0000e-02
3.4494e+09   3.3000e-02
3.4617e+09   3.6000e-02
3.4741e+09   3.9000e-02
3.4866e+09   4.2000e-02
3.4991e+09   4.5000e-02
3.5116e+09   4.8000e-02
3.5242e+09   5.1000e-02
3.5368e+09   5.4000e-02
3.5495e+09   5.7000e-02
3.5622e+09   6.0000e-02
3.5750e+09   6.3000e-02
3.5878e+09   6.6000e-02
3.6007e+09   6.9000e-02
3.6136e+09   7.2000e-02
3.6266e+09   7.5000e-02
3.6396e+09   7.8000e-02
3.6527e+09   8.1000e-02
3.6658e+09   8.4000e-02
3.6790e+09   8.7000e-02
3.6922e+09   9.0000e-02
3.7055e+09   9.3000e-02
3.7188e+09   9.6000e-02
3.7322e+09   9.9000e-02
3.7456e+09   1.0200e-01
3.7591e+09   1.0500e-01
3.7726e+09   1.0800e-01
3.7862e+09   1.1100e-01
3.7999e+09   1.1400e-01
3.8136e+09   1.1700e-01
3.8273e+09   1.2000e-01
3.8411e+09   1.2300e-01
3.8550e+09   1.2600e-01
3.8689e+09   1.2900e-01
3.8829e+09   1.3200e-01
3.8969e+09   1.3500e-01
3.9109e+09   1.3800e-01
3.9251e+09   1.4100e-01
3.9393e+09   1.4400e-01
3.9535e+09   1.4700e-01
3.9678e+09   1.5000e-01
3.9821e+09   1.5300e-01
3.9965e+09   1.5600e-01
4.0110e+09   1.5900e-01
4.0255e+09   1.6200e-01
4.0401e+09   1.6500e-01
4.0547e+09   1.6800e-01
4.0694e+09   1.7100e-01
4.0842e+09   1.7400e-01
4.0990e+09   1.7700e-01
4.1138e+09   1.8000e-01
4.1287e+09   1.8300e-01
4.1437e+09   1.8600e-01
4.1588e+09   1.8900e-01
4.1739e+09   1.9200e-01
4.1890e+09   1.9500e-01
4.2042e+09   1.9800e-01
4.2195e+09   2.0100e-01
4.2348e+09   2.0400e-01
4.2502e+09   2.0700e-01
4.2657e+09   2.1000e-01
4.2812e+09   2.1300e-01
4.2968e+09   2.1600e-01
4.3124e+09   2.1900e-01
4.3281e+09   2.2200e-01
4.3439e+09   2.2500e-01
4.3597e+09   2.2800e-01
4.3756e+09   2.3100e-01
4.3915e+09   2.3400e-01
4.4075e+09   2.3700e-01
4.4236e+09   2.4000e-01
4.4397e+09   2.4300e-01
4.4559e+09   2.4600e-01
4.4722e+09   2.4900e-01
4.4885e+09   2.5200e-01
4.5049e+09   2.5500e-01
4.5213e+09   2.5800e-01
4.5379e+09   2.6100e-01
4.5544e+09   2.6400e-01
4.5711e+09   2.6700e-01
4.5878e+09   2.7000e-01
4.6046e+09   2.7300e-01
4.6214e+09   2.7600e-01
4.6383e+09   2.7900e-01
4.6553e+09   2.8200e-01
4.6724e+09   2.8500e-01
4.6895e+09   2.8800e-01
4.7067e+09   2.9100e-01
4.7239e+09   2.9400e-01
4.7412e+09   2.9700e-01
4.7586e+09   3.0000e-01
4.7761e+09   3.0300e-01
4.7936e+09   3.0600e-01
4.8112e+09   3.0900e-01
4.8288e+09   3.1200e-01
4.8466e+09   3.1500e-01
4.8644e+09   3.1800e-01
4.8822e+09   3.2100e-01
4.9002e+09   3.2400e-01
4.9182e+09   3.2700e-01
4.9363e+09   3.3000e-01
4.9544e+09   3.3300e-01
4.9727e+09   3.3600e-01
4.9910e+09   3.3900e-01
5.0094e+09   3.4200e-01
5.0278e+09   3.4500e-01
5.0463e+09   3.4800e-01
5.0649e+09   3.5100e-01
5.0836e+09   3.5400e-01
5.1023e+09   3.5700e-01
5.1211e+09   3.6000e-01
5.1400e+09   3.6300e-01
5.1590e+09   3.6600e-01
5.1780e+09   3.6900e-01
5.1972e+09   3.7200e-01
5.2163e+09   3.7500e-01
5.2356e+09   3.7800e-01
5.2550e+09   3.8100e-01
5.2744e+09   3.8400e-01
5.2939e+09   3.8700e-01
5.3135e+09   3.9000e-01
5.3331e+09   3.9300e-01
5.3529e+09   3.9600e-01
5.3727e+09   3.9900e-01
5.3926e+09   4.0200e-01
5.4125e+09   4.0500e-01
5.4326e+09   4.0800e-01
5.4527e+09   4.1100e-01
5.4729e+09   4.1400e-01
5.4932e+09   4.1700e-01
5.5136e+09   4.2000e-01
5.5340e+09   4.2300e-01
5.5546e+09   4.2600e-01
5.5752e+09   4.2900e-01
5.5959e+09   4.3200e-01
5.6167e+09   4.3500e-01
5.6376e+09   4.3800e-01
5.6585e+09   4.4100e-01
5.6795e+09   4.4400e-01
5.7007e+09   4.4700e-01
5.7219e+09   4.5000e-01
5.7432e+09   4.5300e-01
5.7645e+09   4.5600e-01
5.7860e+09   4.5900e-01
5.8075e+09   4.6200e-01
5.8292e+09   4.6500e-01
5.8509e+09   4.6800e-01
5.8727e+09   4.7100e-01
5.8946e+09   4.7400e-01
5.9166e+09   4.7700e-01
5.9386e+09   4.8000e-01
5.9608e+09   4.8300e-01
5.9830e+09   4.8600e-01
6.0054e+09   4.8900e-01
6.0278e+09   4.9200e-01
6.0503e+09   4.9500e-01
6.0729e+09   4.9800e-01
6.0956e+09   5.0100e-01
6.1184e+09   5.0400e-01
6.1413e+09   5.0700e-01
6.1643e+09   5.1000e-01
6.1873e+09   5.1300e-01
6.2105e+09   5.1600e-01
6.2338e+09   5.1900e-01
6.2571e+09   5.2200e-01
6.2805e+09   5.2500e-01
6.3041e+09   5.2800e-01
6.3277e+09   5.3100e-01
6.3514e+09   5.3400e-01
6.3753e+09   5.3700e-01
6.3992e+09   5.4000e-01
6.4232e+09   5.4300e-01
6.4473e+09   5.4600e-01
6.4715e+09   5.4900e-01
6.4958e+09   5.5200e-01
6.5202e+09   5.5500e-01
6.5447e+09   5.5800e-01
6.5693e+09   5.6100e-01
6.5940e+09   5.6400e-01
6.6188e+09   5.6700e-01
6.6438e+09   5.7000e-01
6.6688e+09   5.7300e-01
6.6939e+09   5.7600e-01
6.7191e+09   5.7900e-01
6.7444e+09   5.8200e-01
6.7698e+09   5.8500e-01
6.7953e+09   5.8800e-01
6.8209e+09   5.9100e-01
6.8467e+09   5.9400e-01
6.8725e+09   5.9700e-01
6.8984e+09   6.0000e-01
6.9245e+09   6.0300e-01
6.9506e+09   6.0600e-01
6.9769e+09   6.0900e-01
7.0032e+09   6.1200e-01
7.0297e+09   6.1500e-01
7.0562e+09   6.1800e-01
7.0829e+09   6.2100e-01
7.1097e+09   6.2400e-01
7.1366e+09   6.2700e-01
7.1636e+09   6.3000e-01
7.1907e+09   6.3300e-01
7.2180e+09   6.3600e-01
7.2453e+09   6.3900e-01
7.2728e+09   6.4200e-01
7.3003e+09   6.4500e-01
7.3280e+09   6.4800e-01
7.3558e+09   6.5100e-01
7.3837e+09   6.5400e-01
7.4117e+09   6.5700e-01
7.4398e+09   6.6000e-01
7.4681e+09   6.6300e-01
7.4964e+09   6.6600e-01
7.5249e+09   6.6900e-01
7.5535e+09   6.7200e-01
7.5822e+09   6.7500e-01
7.6111e+09   6.7800e-01
7.6400e+09   6.8100e-01
7.6691e+09   6.8400e-01
7.6983e+09   6.8700e-01
7.7276e+09   6.9000e-01
7.7570e+09   6.9300e-01
7.7865e+09   6.9600e-01
7.8162e+09   6.9900e-01
7.8460e+09   7.0200e-01
7.8759e+09   7.0500e-01
7.9059e+09   7.0800e-01
7.9361e+09   7.1100e-01
7.9664e+09   7.1400e-01
7.9968e+09   7.1700e-01
8.0273e+09   7.2000e-01
8.0579e+09   7.2300e-01
8.0887e+09   7.2600e-01
8.1196e+09   7.2900e-01
8.1507e+09   7.3200e-01
8.1818e+09   7.3500e-01
8.2131e+09   7.3800e-01
8.2445e+09   7.4100e-01
8.2761e+09   7.4400e-01
8.3078e+09   7.4700e-01
8.3396e+09   7.5000e-01
8.3715e+09   7.5300e-01
8.4036e+09   7.5600e-01
8.4358e+09   7.5900e-01
8.4681e+09   7.6200e-01
8.5006e+09   7.6500e-01
8.5332e+09   7.6800e-01
8.5659e+09   7.7100e-01
8.5988e+09   7.7400e-01
8.6318e+09   7.7700e-01
8.6650e+09   7.8000e-01
8.6982e+09   7.8300e-01
8.7317e+09   7.8600e-01
8.7652e+09   7.8900e-01
8.7989e+09   7.9200e-01
8.8328e+09   7.9500e-01
8.8667e+09   7.9800e-01
8.9009e+09   8.0100e-01
8.9351e+09   8.0400e-01
8.9695e+09   8.0700e-01
9.0041e+09   8.1000e-01
9.0387e+09   8.1300e-01
9.0736e+09   8.1600e-01
9.1086e+09   8.1900e-01
9.1437e+09   8.2200e-01
9.1789e+09   8.2500e-01
9.2144e+09   8.2800e-01
9.2499e+09   8.3100e-01
9.2856e+09   8.3400e-01
9.3215e+09   8.3700e-01
9.3575e+09   8.4000e-01
9.3936e+09   8.4300e-01
9.4299e+09   8.4600e-01
9.4664e+09   8.4900e-01
9.5030e+09   8.5200e-01
9.5398e+09   8.5500e-01
9.5767e+09   8.5800e-01
9.6137e+09   8.6100e-01
9.6510e+09   8.6400e-01
9.6883e+09   8.6700e-01
9.7259e+09   8.7000e-01
9.7636e+09   8.7300e-01
9.8014e+09   8.7600e-01
9.8394e+09   8.7900e-01
9.8776e+09   8.8200e-01
9.9159e+09   8.8500e-01
9.9544e+09   8.8800e-01
9.9930e+09   8.9100e-01
1.0032e+10   8.9400e-01
1.0071e+10   8.9700e-01
1.0110e+10   9.0000e-01
1.0149e+10   9.0300e-01
1.0189e+10   9.0600e-01
1.0228e+10   9.0900e-01
1.0268e+10   9.1200e-01
1.0308e+10   9.1500e-01
1.0348e+10   9.1800e-01
1.0388e+10   9.2100e-01
1.0429e+10   9.2400e-01
1.0470e+10   9.2700e-01
1.0510e+10   9.3000e-01
1.0551e+10   9.3300e-01
1.0592e+10   9.3600e-01
1.0634e+10   9.3900e-01
1.0675e+10   9.4200e-01
1.0717e+10   9.4500e-01
1.0759e+10   9.4800e-01
1.0801e+10   9.5100e-01
1.0843e+10   9.5400e-01
1.0885e+10   9.5700e-01
1.0928e+10   9.6000e-01
1.0971e+10   9.6300e-01
1.1013e+10   9.6600e-01
1.1057e+10   9.6900e-01
1.1100e+10   9.7200e-01
1.1143e+10   9.7500e-01
1.1187e+10   9.7800e-01
1.1231e+10   9.8100e-01
1.1275e+10   9.8400e-01
1.1319e+10   9.8700e-01
1.1363e+10   9.9000e-01
1.1408e+10   9.9300e-01
1.1453e+10   9.9600e-01
1.1497e+10   9.9900e-01
1.1543e+10   1.0020e+00
1.1588e+10   1.0050e+00
1.1633e+10   1.0080e+00
1.1679e+10   1.0110e+00
1.1725e+10   1.0140e+00
1.1771e+10   1.0170e+00
1.1817e+10   1.0200e+00
1.1864e+10   1.0230e+00
1.1911e+10   1.0260e+00
1.1957e+10   1.0290e+00
1.2004e+10   1.0320e+00
1.2052e+10   1.0350e+00
1.2099e+10   1.0380e+00
1.2147e+10   1.0410e+00
1.2195e+10   1.0440e+00
1.2243e+10   1.0470e+00
1.2291e+10   1.0500e+00
1.2340e+10   1.0530e+00
1.2388e+10   1.0560e+00
1.2437e+10   1.0590e+00
1.2486e+10   1.0620e+00
1.2536e+10   1.0650e+00
1.2585e+10   1.0680e+00
1.2635e+10   1.0710e+00
1.2685e+10   1.0740e+00
1.2735e+10   1.0770e+00
1.2785e+10   1.0800e+00
1.2836e+10   1.0830e+00
1.2887e+10   1.0860e+00
1.2938e+10   1.0890e+00
1.2989e+10   1.0920e+00
1.3040e+10   1.0950e+00
1.3092e+10   1.0980e+00
1.3144e+10   1.1010e+00
1.3196e+10   1.1040e+00
1.3248e+10   1.1070e+00
1.3301e+10   1.1100e+00
1.3354e+10   1.1130e+00
1.3407e+10   1.1160e+00
1.3460e+10   1.1190e+00
1.3513e+10   1.1220e+00
1.3567e+10   1.1250e+00
1.3621e+10   1.1280e+00
1.3675e+10   1.1310e+00
1.3729e+10   1.1340e+00
1.3784e+10   1.1370e+00
1.3839e+10   1.1400e+00
1.3894e+10   1.1430e+00
1.3949e+10   1.1460e+00
1.4005e+10   1.1490e+00
1.4061e+10   1.1520e+00
1.4117e+10   1.1550e+00
1.4173e+10   1.1580e+00
1.4229e+10   1.1610e+00
1.4286e+10   1.1640e+00
1.4343e+10   1.1670e+00
1.4400e+10   1.1700e+00
1.4458e+10   1.1730e+00
1.4516e+10   1.1760e+00
1.4574e+10   1.1790e+00
1.4632e+10   1.1820e+00
1.4690e+10   1.1850e+00
1.4749e+10   1.1880e+00
1.4808e+10   1.1910e+00
1.4867e+10   1.1940e+00
1.4927e+10   1.1970e+00
1.4986e+10   1.2000e+00
1.5046e+10   1.2030e+00
1.5107e+10   1.2060e+00
1.5167e+10   1.2090e+00
1.5228e+10   1.2120e+00
1.5289e+10   1.2150e+00
1.5350e+10   1.2180e+00
1.5412e+10   1.2210e+00
1.5474e+10   1.2240e+00
1.5536e+10   1.2270e+00
1.5598e+10   1.2300e+00
1.5661e+10   1.2330e+00
1.5724e+10   1.2360e+00
1.5787e+10   1.2390e+00
1.5850e+10   1.2420e+00
1.5914e+10   1.2450e+00
1.5978e+10   1.2480e+00
1.6042e+10   1.2510e+00
1.6107e+10   1.2540e+00
1.6172e+10   1.2570e+00
1.6237e+10   1.2600e+00
1.6302e+10   1.2630e+00
1.6368e+10   1.2660e+00
1.6434e+10   1.2690e+00
1.6500e+10   1.2720e+00
1.6567e+10   1.2750e+00
1.6633e+10   1.2780e+00
1.6700e+10   1.2810e+00
1.6768e+10   1.2840e+00
1.6836e+10   1.2870e+00
1.6904e+10   1.2900e+00
1.6972e+10   1.2930e+00
1.7040e+10   1.2960e+00
1.7109e+10   1.2990e+00
1.7178e+10   1.3020e+00
1.7248e+10   1.3050e+00
1.7318e+10   1.3080e+00
1.7388e+10   1.3110e+00
1.7458e+10   1.3140e+00
1.7529e+10   1.3170e+00
1.7600e+10   1.3200e+00
1.7671e+10   1.3230e+00
1.7743e+10   1.3260e+00
1.7815e+10   1.3290e+00
1.7887e+10   1.3320e+00
1.7959e+10   1.3350e+00
1.8032e+10   1.3380e+00
1.8106e+10   1.3410e+00
1.8179e+10   1.3440e+00
1.8253e+10   1.3470e+00
1.8327e+10   1.3500e+00
1.8401e+10   1.3530e+00
1.8476e+10   1.3560e+00
1.8551e+10   1.3590e+00
1.8627e+10   1.3620e+00
1.8703e+10   1.3650e+00
1.8779e+10   1.3680e+00
1.8855e+10   1.3710e+00
1.8932e+10   1.3740e+00
1.9009e+10   1.3770e+00
1.9087e+10   1.3800e+00
1.9164e+10   1.3830e+00
1.9242e+10   1.3860e+00
1.9321e+10   1.3890e+00
1.9400e+10   1.3920e+00
1.9479e+10   1.3950e+00
1.9558e+10   1.3980e+00
1.9638e+10   1.4010e+00
1.9718e+10   1.4040e+00
1.9799e+10   1.4070e+00
1.9880e+10   1.4100e+00
1.9961e+10   1.4130e+00
2.0043e+10   1.4160e+00
2.0125e+10   1.4190e+00
2.0207e+10   1.4220e+00
2.0290e+10   1.4250e+00
2.0373e+10   1.4280e+00
2.0456e+10   1.4310e+00
2.0540e+10   1.4340e+00
2.0624e+10   1.4370e+00
2.0709e+10   1.4400e+00
2.0794e+10   1.4430e+00
2.0879e+10   1.4460e+00
2.0965e+10   1.4490e+00
2.1051e+10   1.4520e+00
2.1137e+10   1.4550e+00
2.1224e+10   1.4580e+00
2.1311e+10   1.4610e+00
2.1399e+10   1.4640e+00
2.1487e+10   1.4670e+00
2.1575e+10   1.4700e+00
2.1664e+10   1.4730e+00
2.1753e+10   1.4760e+00
2.1842e+10   1.4790e+00
2.1932e+10   1.4820e+00
2.2022e+10   1.4850e+00
2.2113e+10   1.4880e+00
2.2204e+10   1.4910e+00
2.2296e+10   1.4940e+00
2.2388e+10   1.4970e+00
2.2480e+10   1.5000e+00
2.2573e+10   1.5030e+00
2.2666e+10   1.5060e+00
2.2759e+10   1.5090e+00
2.2853e+10   1.5120e+00
2.2948e+10   1.5150e+00
2.3043e+10   1.5180e+00
2.3138e+10   1.5210e+00
2.3233e+10   1.5240e+00
2.3329e+10   1.5270e+00
2.3426e+10   1.5300e+00
2.3523e+10   1.5330e+00
2.3620e+10   1.5360e+00
2.3718e+10   1.5390e+00
2.3816e+10   1.5420e+00
2.3915e+10   1.5450e+00
2.4014e+10   1.5480e+00
2.4113e+10   1.5510e+00
2.4213e+10   1.5540e+00
2.4314e+10   1.5570e+00
2.4415e+10   1.5600e+00
2.4516e+10   1.5630e+00
2.4618e+10   1.5660e+00
2.4720e+10   1.5690e+00
2.4822e+10   1.5720e+00
2.4926e+10   1.5750e+00
2.5029e+10   1.5780e+00
2.5133e+10   1.5810e+00
2.5238e+10   1.5840e+00
2.5343e+10   1.5870e+00
2.5448e+10   1.5900e+00
2.5554e+10   1.5930e+00
2.5660e+10   1.5960e+00
2.5767e+10   1.5990e+00
2.5875e+10   1.6020e+00
2.5982e+10   1.6050e+00
2.6091e+10   1.6080e+00
2.6199e+10   1.6110e+00
2.6309e+10   1.6140e+00
2.6418e+10   1.6170e+00
2.6529e+10   1.6200e+00
2.6639e+10   1.6230e+00
2.6751e+10   1.6260e+00
2.6862e+10   1.6290e+00
2.6975e+10   1.6320e+00
2.7087e+10   1.6350e+00
2.7200e+10   1.6380e+00
2.7314e+10   1.6410e+00
2.7428e+10   1.6440e+00
2.7543e+10   1.6470e+00
2.7658e+10   1.6500e+00
2.7774e+10   1.6530e+00
2.7891e+10   1.6560e+00
2.8007e+10   1.6590e+00
2.8125e+10   1.6620e+00
2.8243e+10   1.6650e+00
2.8361e+10   1.6680e+00
2.8480e+10   1.6710e+00
2.8599e+10   1.6740e+00
2.8719e+10   1.6770e+00
2.8840e+10   1.6800e+00
2.8961e+10   1.6830e+00
2.9083e+10   1.6860e+00
2.9205e+10   1.6890e+00
2.9328e+10   1.6920e+00
2.9451e+10   1.6950e+00
2.9575e+10   1.6980e+00
2.9699e+10   1.7010e+00
2.9824e+10   1.7040e+00
2.9950e+10   1.7070e+00
3.0076e+10   1.7100e+00
3.0202e+10   1.7130e+00
3.0330e+10   1.7160e+00
3.0457e+10   1.7190e+00
3.0586e+10   1.7220e+00
3.0715e+10   1.7250e+00
3.0844e+10   1.7280e+00
3.0974e+10   1.7310e+00
3.1105e+10   1.7340e+00
3.1236e+10   1.7370e+00
3.1368e+10   1.7400e+00
3.1501e+10   1.7430e+00
3.1634e+10   1.7460e+00
3.1767e+10   1.7490e+00
3.1902e+10   1.7520e+00
3.2037e+10   1.7550e+00
3.2172e+10   1.7580e+00
3.2308e+10   1.7610e+00
3.2445e+10   1.7640e+00
3.2582e+10   1.7670e+00
3.2720e+10   1.7700e+00
3.2859e+10   1.7730e+00
3.2998e+10   1.7760e+00
3.3138e+10   1.7790e+00
3.3278e+10   1.7820e+00
3.3420e+10   1.7850e+00
3.3561e+10   1.7880e+00
3.3704e+10   1.7910e+00
3.3847e+10   1.7940e+00
3.3991e+10   1.7970e+00
3.4135e+10   1.8000e+00
3.4280e+10   1.8030e+00
3.4426e+10   1.8060e+00
3.4572e+10   1.8090e+00
3.4719e+10   1.8120e+00
3.4867e+10   1.8150e+00
3.5015e+10   1.8180e+00
3.5164e+10   1.8210e+00
3.5314e+10   1.8240e+00
3.5464e+10   1.8270e+00
3.5615e+10   1.8300e+00
3.5767e+10   1.8330e+00
3.5919e+10   1.8360e+00
3.6072e+10   1.8390e+00
3.6226e+10   1.8420e+00
3.6381e+10   1.8450e+00
3.6536e+10   1.8480e+00
3.6692e+10   1.8510e+00
3.6849e+10   1.8540e+00
3.7006e+10   1.8570e+00
3.7164e+10   1.8600e+00
3.7323e+10   1.8630e+00
3.7482e+10   1.8660e+00
3.7643e+10   1.8690e+00
3.7804e+10   1.8720e+00
3.7965e+10   1.8750e+00
3.8128e+10   1.8780e+00
3.8291e+10   1.8810e+00
3.8455e+10   1.8840e+00
3.8620e+10   1.8870e+00
3.8785e+10   1.8900e+00
3.8951e+10   1.8930e+00
3.9118e+10   1.8960e+00
3.9286e+10   1.8990e+00
3.9454e+10   1.9020e+00
3.9624e+10   1.9050e+00
3.9794e+10   1.9080e+00
3.9965e+10   1.9110e+00
4.0136e+10   1.9140e+00
4.0309e+10   1.9170e+00
4.0482e+10   1.9200e+00
4.0656e+10   1.9230e+00
4.0831e+10   1.9260e+00
4.1006e+10   1.9290e+00
4.1183e+10   1.9320e+00
4.1360e+10   1.9350e+00
4.1538e+10   1.9380e+00
4.1717e+10   1.9410e+00
4.1896e+10   1.9440e+00
4.2077e+10   1.9470e+00
4.2258e+10   1.9500e+00
4.2440e+10   1.9530e+00
4.2623e+10   1.9560e+00
4.2807e+10   1.9590e+00
4.2992e+10   1.9620e+00
4.3177e+10   1.9650e+00
4.3364e+10   1.9680e+00
4.3551e+10   1.9710e+00
4.3739e+10   1.9740e+00
4.3928e+10   1.9770e+00
4.4118e+10   1.9800e+00
4.4308e+10   1.9830e+00
4.4500e+10   1.9860e+00
4.4692e+10   1.9890e+00
4.4886e+10   1.9920e+00
4.5080e+10   1.9950e+00
4.5275e+10   1.9980e+00
4.5471e+10   2.0010e+00
4.5668e+10   2.0040e+00
4.5866e+10   2.0070e+00
4.6065e+10   2.0100e+00
4.6264e+10   2.0130e+00
4.6465e+10   2.0160e+00
4.6666e+10   2.0190e+00
4.6869e+10   2.0220e+00
4.7072e+10   2.0250e+00
4.7277e+10   2.0280e+00
4.7482e+10   2.0310e+00
4.7688e+10   2.0340e+00
4.7895e+10   2.0370e+00
4.8104e+10   2.0400e+00
4.8313e+10   2.0430e+00
4.8523e+10   2.0460e+00
4.8734e+10   2.0490e+00
4.8946e+10   2.0520e+00
4.9159e+10   2.0550e+00
4.9373e+10   2.0580e+00
4.9588e+10   2.0610e+00
4.9804e+10   2.0640e+00
5.0021e+10   2.0670e+00
5.0239e+10   2.0700e+00
5.0458e+10   2.0730e+00
5.0678e+10   2.0760e+00
5.0899e+10   2.0790e+00
5.1121e+10   2.0820e+00
5.1344e+10   2.0850e+00
5.1568e+10   2.0880e+00
5.1793e+10   2.0910e+00
5.2019e+10   2.0940e+00
5.2247e+10   2.0970e+00
5.2475e+10   2.1000e+00
5.2704e+10   2.1030e+00
5.2935e+10   2.1060e+00
5.3166e+10   2.1090e+00
5.3399e+10   2.1120e+00
5.3633e+10   2.1150e+00
5.3867e+10   2.1180e+00
5.4103e+10   2.1210e+00
5.4340e+10   2.1240e+00
5.4578e+10   2.1270e+00
5.4818e+10   2.1300e+00
5.5058e+10   2.1330e+00
5.5299e+10   2.1360e+00
5.5542e+10   2.1390e+00
5.5785e+10   2.1420e+00
5.6030e+10   2.1450e+00
5.6276e+10   2.1480e+00
5.6523e+10   2.1510e+00
5.6771e+10   2.1540e+00
5.7021e+10   2.1570e+00
5.7271e+10   2.1600e+00
5.7523e+10   2.1630e+00
5.7776e+10   2.1660e+00
5.8030e+10   2.1690e+00
5.8285e+10   2.1720e+00
5.8542e+10   2.1750e+00
5.8800e+10   2.1780e+00
5.9058e+10   2.1810e+00
5.9318e+10   2.1840e+00
5.9580e+10   2.1870e+00
5.9842e+10   2.1900e+00
6.0106e+10   2.1930e+00
6.0371e+10   2.1960e+00
6.0637e+10   2.1990e+00
6.0905e+10   2.2020e+00
6.1173e+10   2.2050e+00
6.1443e+10   2.2080e+00
6.1715e+10   2.2110e+00
6.1987e+10   2.2140e+00
6.2261e+10   2.2170e+00
6.2536e+10   2.2200e+00
6.2812e+10   2.2230e+00
6.3090e+10   2.2260e+00
6.3369e+10   2.2290e+00
6.3649e+10   2.2320e+00
6.3931e+10   2.2350e+00
6.4214e+10   2.2380e+00
6.4498e+10   2.2410e+00
6.4783e+10   2.2440e+00
6.5070e+10   2.2470e+00
6.5359e+10   2.2500e+00
6.5648e+10   2.2530e+00
6.5939e+10   2.2560e+00
6.6231e+10   2.2590e+00
6.6525e+10   2.2620e+00
6.6820e+10   2.2650e+00
6.7117e+10   2.2680e+00
6.7415e+10   2.2710e+00
6.7714e+10   2.2740e+00
6.8014e+10   2.2770e+00
6.8317e+10   2.2800e+00
6.8620e+10   2.2830e+00
6.8925e+10   2.2860e+00
6.9231e+10   2.2890e+00
6.9539e+10   2.2920e+00
6.9848e+10   2.2950e+00
7.0159e+10   2.2980e+00
7.0471e+10   2.3010e+00
7.0785e+10   2.3040e+00
7.1100e+10   2.3070e+00
7.1417e+10   2.3100e+00
7.1735e+10   2.3130e+00
7.2054e+10   2.3160e+00
7.2375e+10   2.3190e+00
7.2698e+10   2.3220e+00
7.3022e+10   2.3250e+00
7.3348e+10   2.3280e+00
7.3675e+10   2.3310e+00
7.4004e+10   2.3340e+00
7.4334e+10   2.3370e+00
7.4666e+10   2.3400e+00
7.4999e+10   2.3430e+00
7.5334e+10   2.3460e+00
7.5671e+10   2.3490e+00
7.6009e+10   2.3520e+00
7.6349e+10   2.3550e+00
7.6690e+10   2.3580e+00
7.7033e+10   2.3610e+00
7.7378e+10   2.3640e+00
7.7724e+10   2.3670e+00
7.8072e+10   2.3700e+00
7.8421e+10   2.3730e+00
7.8772e+10   2.3760e+00
7.9125e+10   2.3790e+00
7.9479e+10   2.3820e+00
7.9836e+10   2.3850e+00
8.0193e+10   2.3880e+00
8.0553e+10   2.3910e+00
8.0914e+10   2.3940e+00
8.1277e+10   2.3970e+00
8.1642e+10   2.4000e+00
8.2008e+10   2.4030e+00
8.2376e+10   2.4060e+00
8.2746e+10   2.4090e+00
8.3118e+10   2.4120e+00
8.3491e+10   2.4150e+00
8.3866e+10   2.4180e+00
8.4243e+10   2.4210e+00
8.4622e+10   2.4240e+00
8.5002e+10   2.4270e+00
8.5385e+10   2.4300e+00
8.5769e+10   2.4330e+00
8.6155e+10   2.4360e+00
8.6542e+10   2.4390e+00
8.6932e+10   2.4420e+00
8.7323e+10   2.4450e+00
8.7717e+10   2.4480e+00
8.8112e+10   2.4510e+00
8.8509e+10   2.4540e+00
8.8908e+10   2.4570e+00
8.9309e+10   2.4600e+00
8.9711e+10   2.4630e+00
9.0116e+10   2.4660e+00
9.0522e+10   2.4690e+00
9.0931e+10   2.4720e+00
9.1341e+10   2.4750e+00
9.1754e+10   2.4780e+00
9.2168e+10   2.4810e+00
9.2584e+10   2.4840e+00
9.3002e+10   2.4870e+00
9.3423e+10   2.4900e+00
9.3845e+10   2.4930e+00
9.4269e+10   2.4960e+00
9.4695e+10   2.4990e+00
9.5124e+10   2.5020e+00
9.5554e+10   2.5050e+00
9.5986e+10   2.5080e+00
9.6421e+10   2.5110e+00
9.6857e+10   2.5140e+00
9.7296e+10   2.5170e+00
9.7736e+10   2.5200e+00
9.8179e+10   2.5230e+00
9.8624e+10   2.5260e+00
9.9071e+10   2.5290e+00
9.9520e+10   2.5320e+00
9.9971e+10   2.5350e+00
1.0042e+11   2.5380e+00
1.0088e+11   2.5410e+00
1.0134e+11   2.5440e+00
1.0180e+11   2.5470e+00
1.0226e+11   2.5500e+00
1.0272e+11   2.5530e+00
1.0319e+11   2.5560e+00
1.0366e+11   2.5590e+00
1.0413e+11   2.5620e+00
1.0460e+11   2.5650e+00
1.0508e+11   2.5680e+00
1.0556e+11   2.5710e+00
1.0604e+11   2.5740e+00
1.0652e+11   2.5770e+00
1.0700e+11   2.5800e+00
1.0749e+11   2.5830e+00
1.0798e+11   2.5860e+00
1.0847e+11   2.5890e+00
1.0896e+11   2.5920e+00
1.0946e+11   2.5950e+00
1.0996e+11   2.5980e+00
1.1046e+11   2.6010e+00
1.1096e+11   2.6040e+00
1.1147e+11   2.6070e+00
1.1198e+11   2.6100e+00
1.1249e+11   2.6130e+00
1.1300e+11   2.6160e+00
1.1352e+11   2.6190e+00
1.1403e+11   2.6220e+00
1.1455e+11   2.6250e+00
1.1508e+11   2.6280e+00
1.1560e+11   2.6310e+00
1.1613e+11   2.6340e+00
1.1666e+11   2.6370e+00
1.1719e+11   2.6400e+00
1.1773e+11   2.6430e+00
1.1827e+11   2.6460e+00
1.1881e+11   2.6490e+00
1.1935e+11   2.6520e+00
1.1989e+11   2.6550e+00
1.2044e+11   2.6580e+00
1.2099e+11   2.6610e+00
1.2155e+11   2.6640e+00
1.2210e+11   2.6670e+00
1.2266e+11   2.6700e+00
1.2322e+11   2.6730e+00
1.2379e+11   2.6760e+00
1.2435e+11   2.6790e+00
1.2492e+11   2.6820e+00
1.2550e+11   2.6850e+00
1.2607e+11   2.6880e+00
1.2665e+11   2.6910e+00
1.2723e+11   2.6940e+00
1.2781e+11   2.6970e+00
1.2840e+11   2.7000e+00
1.2899e+11   2.7030e+00
1.2958e+11   2.7060e+00
1.3017e+11   2.7090e+00
1.3077e+11   2.7120e+00
1.3137e+11   2.7150e+00
1.3197e+11   2.7180e+00
1.3258e+11   2.7210e+00
1.3319e+11   2.7240e+00
1.3380e+11   2.7270e+00
1.3441e+11   2.7300e+00
1.3503e+11   2.7330e+00
1.3565e+11   2.7360e+00
1.3627e+11   2.7390e+00
1.3690e+11   2.7420e+00
1.3753e+11   2.7450e+00
1.3816e+11   2.7480e+00
1.3880e+11   2.7510e+00
1.3944e+11   2.7540e+00
1.4008e+11   2.7570e+00
1.4072e+11   2.7600e+00
1.4137e+11   2.7630e+00
1.4202e+11   2.7660e+00
1.4267e+11   2.7690e+00
1.4333e+11   2.7720e+00
1.4399e+11   2.7750e+00
1.4465e+11   2.7780e+00
1.4532e+11   2.7810e+00
1.4599e+11   2.7840e+00
1.4666e+11   2.7870e+00
1.4734e+11   2.7900e+00
1.4802e+11   2.7930e+00
1.4870e+11   2.7960e+00
1.4938e+11   2.7990e+00
1.5007e+11   2.8020e+00
1.5076e+11   2.8050e+00
1.5146e+11   2.8080e+00
1.5216e+11   2.8110e+00
1.5286e+11   2.8140e+00
1.5356e+11   2.8170e+00
1.5427e+11   2.8200e+00
1.5499e+11   2.8230e+00
1.5570e+11   2.8260e+00
1.5642e+11   2.8290e+00
1.5714e+11   2.8320e+00
1.5787e+11   2.8350e+00
1.5860e+11   2.8380e+00
1.5933e+11   2.8410e+00
1.6006e+11   2.8440e+00
1.6080e+11   2.8470e+00
1.6155e+11   2.8500e+00
1.6229e+11   2.8530e+00
1.6304e+11   2.8560e+00
1.6380e+11   2.8590e+00
1.6455e+11   2.8620e+00
1.6531e+11   2.8650e+00
1.6608e+11   2.8680e+00
1.6685e+11   2.8710e+00
1.6762e+11   2.8740e+00
1.6839e+11   2.8770e+00
1.6917e+11   2.8800e+00
1.6996e+11   2.8830e+00
1.7074e+11   2.8860e+00
1.7153e+11   2.8890e+00
1.7233e+11   2.8920e+00
1.7312e+11   2.8950e+00
1.7392e+11   2.8980e+00
1.7473e+11   2.9010e+00
1.7554e+11   2.9040e+00
1.7635e+11   2.9070e+00
1.7717e+11   2.9100e+00
1.7799e+11   2.9130e+00
1.7881e+11   2.9160e+00
1.7964e+11   2.9190e+00
1.8047e+11   2.9220e+00
1.8131e+11   2.9250e+00
1.8215e+11   2.9280e+00
1.8299e+11   2.9310e+00
1.8384e+11   2.9340e+00
1.8469e+11   2.9370e+00
1.8555e+11   2.9400e+00
1.8641e+11   2.9430e+00
1.8727e+11   2.9460e+00
1.8814e+11   2.9490e+00
1.8902e+11   2.9520e+00
1.8989e+11   2.9550e+00
1.9077e+11   2.9580e+00
1.9166e+11   2.9610e+00
1.9255e+11   2.9640e+00
1.9344e+11   2.9670e+00
1.9434e+11   2.9700e+00
1.9524e+11   2.9730e+00
1.9614e+11   2.9760e+00
1.9705e+11   2.9790e+00
1.9797e+11   2.9820e+00
1.9889e+11   2.9850e+00
1.9981e+11   2.9880e+00
2.0074e+11   2.9910e+00
2.0167e+11   2.9940e+00
2.0260e+11   2.9970e+00
2.0355e+11   3.0000e+00
2.0449e+11   3.0030e+00
2.0544e+11   3.0060e+00
2.0639e+11   3.0090e+00
2.0735e+11   3.0120e+00
2.0831e+11   3.0150e+00
2.0928e+11   3.0180e+00
2.1025e+11   3.0210e+00
2.1123e+11   3.0240e+00
2.1221e+11   3.0270e+00
2.1320e+11   3.0300e+00
2.1419e+11   3.0330e+00
2.1518e+11   3.0360e+00
2.1618e+11   3.0390e+00
2.1718e+11   3.0420e+00
2.1819e+11   3.0450e+00
2.1921e+11   3.0480e+00
2.2022e+11   3.0510e+00
2.2125e+11   3.0540e+00
2.2227e+11   3.0570e+00
2.2331e+11   3.0600e+00
2.2434e+11   3.0630e+00
2.2539e+11   3.0660e+00
2.2643e+11   3.0690e+00
2.2748e+11   3.0720e+00
2.2854e+11   3.0750e+00
2.2960e+11   3.0780e+00
2.3067e+11   3.0810e+00
2.3174e+11   3.0840e+00
2.3282e+11   3.0870e+00
2.3390e+11   3.0900e+00
2.3499e+11   3.0930e+00
2.3608e+11   3.0960e+00
2.3717e+11   3.0990e+00
2.3828e+11   3.1020e+00
2.3938e+11   3.1050e+00
2.4049e+11   3.1080e+00
2.4161e+11   3.1110e+00
2.4273e+11   3.1140e+00
2.4386e+11   3.1170e+00
2.4499e+11   3.1200e+00
2.4613e+11   3.1230e+00
2.4727e+11   3.1260e+00
2.4842e+11   3.1290e+00
2.4958e+11   3.1320e+00
2.5073e+11   3.1350e+00
2.5190e+11   3.1380e+00
2.5307e+11   3.1410e+00
2.5424e+11   3.1440e+00
5.3001e+11   3.1470e+00
5.3339e+11   3.1500e+00
5.3576e+11   3.1530e+00
5.3815e+11   3.1560e+00
5.4054e+11   3.1590e+00
5.4294e+11   3.1620e+00
5.4536e+11   3.1650e+00
5.4778e+11   3.1680e+00
5.5021e+11   3.1710e+00
5.5265e+11   3.1740e+00
5.5511e+11   3.1770e+00
5.5757e+11   3.1800e+00
5.6004e+11   3.1830e+00
5.6253e+11   3.1860e+00
5.6502e+11   3.1890e+00
5.6752e+11   3.1920e+00
5.7004e+11   3.1950e+00
5.7256e+11   3.1980e+00
5.7509e+11   3.2010e+00
5.7764e+11   3.2040e+00
5.8019e+11   3.2070e+00
5.8276e+11   3.2100e+00
5.8533e+11   3.2130e+00
5.8792e+11   3.2160e+00
5.9051e+11   3.2190e+00
5.9312e+11   3.2220e+00
5.9574e+11   3.2250e+00
5.9836e+11   3.2280e+00
6.0100e+11   3.2310e+00
6.0365e+11   3.2340e+00
6.0631e+11   3.2370e+00
6.0898e+11   3.2400e+00
6.1165e+11   3.2430e+00
6.1434e+11   3.2460e+00
4.2799e+11   3.2490e+00
4.2987e+11   3.2520e+00
4.3176e+11   3.2550e+00
4.3366e+11   3.2580e+00
4.3556e+11   3.2610e+00
4.3747e+11   3.2640e+00
4.3939e+11   3.2670e+00
4.4131e+11   3.2700e+00
4.4325e+11   3.2730e+00
4.4519e+11   3.2760e+00
4.4713e+11   3.2790e+00
4.4909e+11   3.2820e+00
4.5105e+11   3.2850e+00
4.5302e+11   3.2880e+00
4.5500e+11   3.2910e+00
4.5698e+11   3.2940e+00
4.5898e+11   3.2970e+00
4.6098e+11   3.3000e+00
4.6299e+11   3.3030e+00
4.6500e+11   3.3060e+00
4.6702e+11   3.3090e+00
4.6905e+11   3.3120e+00
4.7109e+11   3.3150e+00
4.7314e+11   3.3180e+00
4.7519e+11   3.3210e+00
4.7725e+11   3.3240e+00
4.7932e+11   3.3270e+00
4.8140e+11   3.3300e+00
4.8348e+11   3.3330e+00
4.8558e+11   3.3360e+00
4.8768e+11   3.3390e+00
4.8978e+11   3.3420e+00
4.9190e+11   3.3450e+00
4.9402e+11   3.3480e+00
4.9615e+11   3.3510e+00
4.9829e+11   3.3540e+00
5.0044e+11   3.3570e+00
5.0259e+11   3.3600e+00
5.0475e+11   3.3630e+00
5.0692e+11   3.3660e+00
5.0910e+11   3.3690e+00
5.1128e+11   3.3720e+00
5.1347e+11   3.3750e+00
5.1567e+11   3.3780e+00
5.1788e+11   3.3810e+00
5.2010e+11   3.3840e+00
5.2232e+11   3.3870e+00
5.2455e+11   3.3900e+00
5.2679e+11   3.3930e+00
5.2904e+11   3.3960e+00
5.3129e+11   3.3990e+00
5.3356e+11   3.4020e+00
5.3583e+11   3.4050e+00
5.3810e+11   3.4080e+00
5.4039e+11   3.4110e+00
5.4268e+11   3.4140e+00
5.4498e+11   3.4170e+00
5.4729e+11   3.4200e+00
5.4961e+11   3.4230e+00
5.5193e+11   3.4260e+00
5.5426e+11   3.4290e+00
5.5660e+11   3.4320e+00
5.5895e+11   3.4350e+00
5.6131e+11   3.4380e+00
5.6367e+11   3.4410e+00
5.6604e+11   3.4440e+00
5.6842e+11   3.4470e+00
5.7080e+11   3.4500e+00
5.7320e+11   3.4530e+00
5.7560e+11   3.4560e+00
5.7801e+11   3.4590e+00
5.8042e+11   3.4620e+00
5.8285e+11   3.4650e+00
5.8528e+11   3.4680e+00
5.8772e+11   3.4710e+00
5.9016e+11   3.4740e+00
5.9262e+11   3.4770e+00
5.9508e+11   3.4800e+00
5.9755e+11   3.4830e+00
6.0003e+11   3.4860e+00
6.0251e+11   3.4890e+00
6.0500e+11   3.4920e+00
6.0750e+11   3.4950e+00
6.1001e+11   3.4980e+00
6.1252e+11   3.5010e+00
6.1504e+11   3.5040e+00
6.1757e+11   3.5070e+00
6.2011e+11   3.5100e+00
6.2265e+11   3.5130e+00
6.2520e+11   3.5160e+00
6.2776e+11   3.5190e+00
6.3032e+11   3.5220e+00
6.3290e+11   3.5250e+00
6.3548e+11   3.5280e+00
6.3806e+11   3.5310e+00
6.4066e+11   3.5340e+00
6.4326e+11   3.5370e+00
6.4586e+11   3.5400e+00
6.4848e+11   3.5430e+00
6.5110e+11   3.5460e+00
6.5373e+11   3.5490e+00
6.5637e+11   3.5520e+00
6.5901e+11   3.5550e+00
6.6166e+11   3.5580e+00
6.6431e+11   3.5610e+00
6.6698e+11   3.5640e+00
6.6965e+11   3.5670e+00
6.7232e+11   3.5700e+00
6.7500e+11   3.5730e+00
6.7769e+11   3.5760e+00
6.8039e+11   3.5790e+00
6.8309e+11   3.5820e+00
6.8580e+11   3.5850e+00
6.8852e+11   3.5880e+00
6.9124e+11   3.5910e+00
6.9397e+11   3.5940e+00
6.9670e+11   3.5970e+00
6.9944e+11   3.6000e+00
7.0219e+11   3.6030e+00
7.0494e+11   3.6060e+00
7.0770e+11   3.6090e+00
7.1046e+11   3.6120e+00
7.1323e+11   3.6150e+00
7.1601e+11   3.6180e+00
7.1879e+11   3.6210e+00
7.2158e+11   3.6240e+00
7.2437e+11   3.6270e+00
7.2717e+11   3.6300e+00
7.2997e+11   3.6330e+00
7.3278e+11   3.6360e+00
7.3560e+11   3.6390e+00
7.3842e+11   3.6420e+00
7.4125e+11   3.6450e+00
7.4408e+11   3.6480e+00
7.4691e+11   3.6510e+00
7.4975e+11   3.6540e+00
7.5260e+11   3.6570e+00
7.5545e+11   3.6600e+00
7.5830e+11   3.6630e+00
7.6116e+11   3.6660e+00
7.6403e+11   3.6690e+00
7.6690e+11   3.6720e+00
7.6977e+11   3.6750e+00
7.7265e+11   3.6780e+00
7.7553e+11   3.6810e+00
7.7842e+11   3.6840e+00
7.8131e+11   3.6870e+00
7.8420e+11   3.6900e+00
7.8710e+11   3.6930e+00
7.9000e+11   3.6960e+00
7.9291e+11   3.6990e+00
7.9581e+11   3.7020e+00
7.9873e+11   3.7050e+00
8.0164e+11   3.7080e+00
8.0456e+11   3.7110e+00
8.0748e+11   3.7140e+00
8.1041e+11   3.7170e+00
8.1333e+11   3.7200e+00
8.1626e+11   3.7230e+00
8.1920e+11   3.7260e+00
8.2213e+11   3.7290e+00
8.2507e+11   3.7320e+00
8.2801e+11   3.7350e+00
8.3095e+11   3.7380e+00
8.3390e+11   3.7410e+00
8.3684e+11   3.7440e+00
8.3979e+11   3.7470e+00
8.4274e+11   3.7500e+00
8.4569e+11   3.7530e+00
8.4864e+11   3.7560e+00
8.5159e+11   3.7590e+00
8.5455e+11   3.7620e+00
8.5750e+11   3.7650e+00
8.6046e+11   3.7680e+00
8.6341e+11   3.7710e+00
8.6637e+11   3.7740e+00
8.6933e+11   3.7770e+00
8.7228e+11   3.7800e+00
8.7524e+11   3.7830e+00
8.7820e+11   3.7860e+00
8.8115e+11   3.7890e+00
8.8411e+11   3.7920e+00
8.8706e+11   3.7950e+00
8.9002e+11   3.7980e+00
8.9297e+11   3.8010e+00
8.9592e+11   3.8040e+00
8.9887e+11   3.8070e+00
9.0182e+11   3.8100e+00
9.0476e+11   3.8130e+00
9.0771e+11   3.8160e+00
9.1065e+11   3.8190e+00
9.1359e+11   3.8220e+00
9.1653e+11   3.8250e+00
9.1946e+11   3.8280e+00
9.2239e+11   3.8310e+00
9.2532e+11   3.8340e+00
9.2824e+11   3.8370e+00
9.3116e+11   3.8400e+00
9.3408e+11   3.8430e+00
9.3699e+11   3.8460e+00
9.3990e+11   3.8490e+00
9.4280e+11   3.8520e+00
9.4570e+11   3.8550e+00
9.4860e+11   3.8580e+00
9.5149e+11   3.8610e+00
9.5437e+11   3.8640e+00
9.5725e+11   3.8670e+00
9.6012e+11   3.8700e+00
9.6298e+11   3.8730e+00
9.6584e+11   3.8760e+00
9.6869e+11   3.8790e+00
9.7154e+11   3.8820e+00
9.7438e+11   3.8850e+00
9.7721e+11   3.8880e+00
9.8003e+11   3.8910e+00
9.8284e+11   3.8940e+00
9.8565e+11   3.8970e+00
9.8845e+11   3.9000e+00
9.9123e+11   3.9030e+00
9.9401e+11   3.9060e+00
9.9678e+11   3.9090e+00
9.9954e+11   3.9120e+00
1.0023e+12   3.9150e+00
1.0050e+12   3.9180e+00
1.0078e+12   3.9210e+00
1.0105e+12   3.9240e+00
1.0132e+12   3.9270e+00
1.0159e+12   3.9300e+00
1.0186e+12   3.9330e+00
1.0212e+12   3.9360e+00
1.0239e+12   3.9390e+00
1.0265e+12   3.9420e+00
1.0292e+12   3.9450e+00
1.0318e+12   3.9480e+00
1.0344e+12   3.9510e+00
1.0370e+12   3.9540e+00
1.0396e+12   3.9570e+00
1.0421e+12   3.9600e+00
1.0447e+12   3.9630e+00
1.0472e+12   3.9660e+00
1.0497e+12   3.9690e+00
1.0522e+12   3.9720e+00
1.0547e+12   3.9750e+00
1.0571e+12   3.9780e+00
1.0596e+12   3.9810e+00
1.0620e+12   3.9840e+00
1.0644e+12   3.9870e+00
1.0668e+12   3.9900e+00
1.0692e+12   3.9930e+00
1.0715e+12   3.9960e+00
1.0739e+12   3.9990e+00
1.0762e+12   4.0020e+00
1.0785e+12   4.0050e+00
1.0807e+12   4.0080e+00
1.0830e+12   4.0110e+00
1.0852e+12   4.0140e+00
1.0874e+12   4.0170e+00
1.0896e+12   4.0200e+00
1.0918e+12   4.0230e+00
1.0939e+12   4.0260e+00
1.0960e+12   4.0290e+00
1.0981e+12   4.0320e+00
1.1001e+12   4.0350e+00
1.1022e+12   4.0380e+00
1.1042e+12   4.0410e+00
1.1061e+12   4.0440e+00
1.1081e+12   4.0470e+00
1.1100e+12   4.0500e+00
1.1119e+12   4.0530e+00
1.1138e+12   4.0560e+00
1.1156e+12   4.0590e+00
1.1174e+12   4.0620e+00
1.1192e+12   4.0650e+00
1.1210e+12   4.0680e+00
1.1227e+12   4.0710e+00
1.1244e+12   4.0740e+00
1.1260e+12   4.0770e+00
1.1276e+12   4.0800e+00
1.1292e+12   4.0830e+00
1.1308e+12   4.0860e+00
1.1323e+12   4.0890e+00
1.1338e+12   4.0920e+00
1.1352e+12   4.0950e+00
1.1366e+12   4.0980e+00
1.1380e+12   4.1010e+00
1.1394e+12   4.1040e+00
1.1407e+12   4.1070e+00
1.1419e+12   4.1100e+00
1.1431e+12   4.1130e+00
1.1443e+12   4.1160e+00
1.1455e+12   4.1190e+00
1.1466e+12   4.1220e+00
1.1476e+12   4.1250e+00
1.1486e+12   4.1280e+00
1.1496e+12   4.1310e+00
1.1506e+12   4.1340e+00
1.1514e+12   4.1370e+00
1.1523e+12   4.1400e+00
1.1531e+12   4.1430e+00
1.1538e+12   4.1460e+00
1.1546e+12   4.1490e+00
1.1552e+12   4.1520e+00
1.1558e+12   4.1550e+00
1.1564e+12   4.1580e+00
1.1569e+12   4.1610e+00
1.1574e+12   4.1640e+00
1.1578e+12   4.1670e+00
1.1582e+12   4.1700e+00
1.1585e+12   4.1730e+00
1.1587e+12   4.1760e+00
1.1589e+12   4.1790e+00
1.1591e+12   4.1820e+00
1.1592e+12   4.1850e+00
1.1592e+12   4.1880e+00
1.1592e+12   4.1910e+00
1.1592e+12   4.1940e+00
1.1590e+12   4.1970e+00
1.1589e+12   4.2000e+00
1.1586e+12   4.2030e+00
1.1583e+12   4.2060e+00
1.1580e+12   4.2090e+00
1.1576e+12   4.2120e+00
1.1571e+12   4.2150e+00
1.1565e+12   4.2180e+00
1.1559e+12   4.2210e+00
1.1553e+12   4.2240e+00
1.1545e+12   4.2270e+00
1.1537e+12   4.2300e+00
1.1529e+12   4.2330e+00
1.1519e+12   4.2360e+00
1.1509e+12   4.2390e+00
1.1499e+12   4.2420e+00
1.1487e+12   4.2450e+00
1.1475e+12   4.2480e+00
1.1463e+12   4.2510e+00
1.1449e+12   4.2540e+00
1.1435e+12   4.2570e+00
1.1420e+12   4.2600e+00
1.1405e+12   4.2630e+00
1.1388e+12   4.2660e+00
1.1371e+12   4.2690e+00
1.1353e+12   4.2720e+00
1.1335e+12   4.2750e+00
1.1316e+12   4.2780e+00
1.1295e+12   4.2810e+00
1.1275e+12   4.2840e+00
1.1253e+12   4.2870e+00
1.1230e+12   4.2900e+00
1.1207e+12   4.2930e+00
1.1183e+12   4.2960e+00
1.1158e+12   4.2990e+00
1.1132e+12   4.3020e+00
1.1106e+12   4.3050e+00
1.1079e+12   4.3080e+00
1.1050e+12   4.3110e+00
1.1021e+12   4.3140e+00
1.0991e+12   4.3170e+00
1.0961e+12   4.3200e+00
1.0929e+12   4.3230e+00
1.0896e+12   4.3260e+00
1.0863e+12   4.3290e+00
1.0829e+12   4.3320e+00
1.0793e+12   4.3350e+00
1.0757e+12   4.3380e+00
1.0720e+12   4.3410e+00
1.0682e+12   4.3440e+00
1.0644e+12   4.3470e+00
1.0604e+12   4.3500e+00
1.0563e+12   4.3530e+00
1.0522e+12   4.3560e+00
1.0479e+12   4.3590e+00
1.0435e+12   4.3620e+00
1.0391e+12   4.3650e+00
1.0346e+12   4.3680e+00
1.0299e+12   4.3710e+00
1.0252e+12   4.3740e+00
1.0204e+12   4.3770e+00
1.0154e+12   4.3800e+00
1.0104e+12   4.3830e+00
1.0053e+12   4.3860e+00
1.0000e+12   4.3890e+00
9.9472e+11   4.3920e+00
9.8930e+11   4.3950e+00
9.8377e+11   4.3980e+00
9.7815e+11   4.4010e+00
9.7243e+11   4.4040e+00
9.6660e+11   4.4070e+00
9.6068e+11   4.4100e+00
9.5465e+11   4.4130e+00
9.4852e+11   4.4160e+00
9.4229e+11   4.4190e+00
9.3596e+11   4.4220e+00
9.2953e+11   4.4250e+00
9.2299e+11   4.4280e+00
9.1636e+11   4.4310e+00
9.0962e+11   4.4340e+00
9.0278e+11   4.4370e+00
8.9584e+11   4.4400e+00
8.8880e+11   4.4430e+00
8.8165e+11   4.4460e+00
8.7440e+11   4.4490e+00
8.6706e+11   4.4520e+00
8.5961e+11   4.4550e+00
8.5206e+11   4.4580e+00
8.4441e+11   4.4610e+00
8.3666e+11   4.4640e+00
8.2881e+11   4.4670e+00
8.2087e+11   4.4700e+00
8.1282e+11   4.4730e+00
8.0468e+11   4.4760e+00
7.9644e+11   4.4790e+00
7.8810e+11   4.4820e+00
7.7966e+11   4.4850e+00
7.7113e+11   4.4880e+00
7.6251e+11   4.4910e+00
7.5379e+11   4.4940e+00
7.4499e+11   4.4970e+00
7.3608e+11   4.5000e+00
7.2709e+11   4.5030e+00
7.1801e+11   4.5060e+00
7.0884e+11   4.5090e+00
6.9959e+11   4.5120e+00
6.9025e+11   4.5150e+00
6.8082e+11   4.5180e+00
6.7132e+11   4.5210e+00
6.6173e+11   4.5240e+00
6.5206e+11   4.5270e+00
6.4232e+11   4.5300e+00
6.3250e+11   4.5330e+00
6.2260e+11   4.5360e+00
6.1264e+11   4.5390e+00
6.0260e+11   4.5420e+00
5.9250e+11   4.5450e+00
5.8233e+11   4.5480e+00
5.7210e+11   4.5510e+00
5.6181e+11   4.5540e+00
5.5146e+11   4.5570e+00
5.4105e+11   4.5600e+00
5.3059e+11   4.5630e+00
5.2009e+11   4.5660e+00
5.0953e+11   4.5690e+00
4.9894e+11   4.5720e+00
4.8830e+11   4.5750e+00
4.7763e+11   4.5780e+00
4.6692e+11   4.5810e+00
4.5618e+11   4.5840e+00
4.4542e+11   4.5870e+00
4.3464e+11   4.5900e+00
4.2383e+11   4.5930e+00
4.1302e+11   4.5960e+00
4.0219e+11   4.5990e+00
3.9136e+11   4.6020e+00
3.8053e+11   4.6050e+00
3.6970e+11   4.6080e+00
3.5888e+11   4.6110e+00
3.4808e+11   4.6140e+00
3.3729e+11   4.6170e+00
3.2653e+11   4.6200e+00
3.1580e+11   4.6230e+00
3.0511e+11   4.6260e+00
2.9445e+11   4.6290e+00
2.8385e+11   4.6320e+00
2.7330e+11   4.6350e+00
2.6281e+11   4.6380e+00
2.5239e+11   4.6410e+00
2.4204e+11   4.6440e+00
2.3177e+11   4.6470e+00
2.2159e+11   4.6500e+00
2.1151e+11   4.6530e+00
2.0153e+11   4.6560e+00
1.9166e+11   4.6590e+00
1.8192e+11   4.6620e+00
1.7230e+11   4.6650e+00
1.6281e+11   4.6680e+00
1.5347e+11   4.6710e+00
1.4429e+11   4.6740e+00
1.3527e+11   4.6770e+00
1.2642e+11   4.6800e+00
1.1776e+11   4.6830e+00
1.0929e+11   4.6860e+00
1.0102e+11   4.6890e+00
9.2964e+10   4.6920e+00
8.5135e+10   4.6950e+00
7.7544e+10   4.6980e+00
7.0200e+10   4.7010e+00
6.3118e+10   4.7040e+00
5.6309e+10   4.7070e+00
4.9787e+10   4.7100e+00
4.3567e+10   4.7130e+00
3.7663e+10   4.7160e+00
3.2091e+10   4.7190e+00
2.6872e+10   4.7220e+00
2.2023e+10   4.7250e+00
1.7570e+10   4.7280e+00
1.3541e+10   4.7310e+00
9.9671e+09   4.7340e+00
6.8881e+09   4.7370e+00
4.3453e+09   4.7400e+00
2.3735e+09   4.7430e+00
9.7571e+08   4.7460e+00
