Dia: 2.0 m | Vel: 20.0 km/s | theta: 45.0 deg | Strength: 1.0e+05 Pa
Power (W)    Time (sec)
8.3180e+08   3.0000e-03
8.3476e+08   6.0000e-03
8.3773e+08   9.0000e-03
8.4072e+08   1.2000e-02
8.4372e+08   1.5000e-02
8.4673e+08   1.8000e-02
8.4975e+08   2.1000e-02
8.5278e+08   2.4000e-02
8.5582e+08   2.7000e-02
8.5888e+08   3.0000e-02
8.6195e+08   3.3000e-02
8.6502e+08   3.6000e-02
8.6812e+08   3.9000e-02
8.7122e+08   4.2000e-02
8.7433e+08   4.5000e-02
8.7746e+08   4.8000e-02
8.8060e+08   5.1000e-02
8.8375e+08   5.4000e-02
8.8691e+08   5.7000e-02
8.9009e+08   6.0000e-02
8.9327e+08   6.3000e-02
8.9647e+08   6.6000e-02
8.9969e+08   6.9000e-02
9.0291e+08   7.2000e-02
9.0615e+08   7.5000e-02
9.0940e+08   7.8000e-02
9.1266e+08   8.1000e-02
9.1593e+08   8.4000e-02
9.1922e+08   8.7000e-02
9.2252e+08   9.0000e-02
9.2583e+08   9.3000e-02
9.2916e+08   9.6000e-02
9.3250e+08   9.9000e-02
9.3585e+08   1.0200e-01
9.3921e+08   1.0500e-01
9.4259e+08   1.0800e-01
9.4598e+08   1.1100e-01
9.4938e+08   1.1400e-01
9.5280e+08   1.1700e-01
9.5623e+08   1.2000e-01
9.5967e+08   1.2300e-01
9.6313e+08   1.2600e-01
9.6660e+08   1.2900e-01
9.7008e+08   1.3200e-01
9.7358e+08   1.3500e-01
9.7709e+08   1.3800e-01
9.8061e+08   1.4100e-01
9.8415e+08   1.4400e-01
9.8770e+08   1.4700e-01
9.9127e+08   1.5000e-01
9.9485e+08   1.5300e-01
9.9844e+08   1.5600e-01
1.0020e+09   1.5900e-01
1.0057e+09   1.6200e-01
1.0093e+09   1.6500e-01
1.0130e+09   1.6800e-01
1.0166e+09   1.7100e-01
1.0203e+09   1.7400e-01
1.0240e+09   1.7700e-01
1.0277e+09   1.8000e-01
1.0314e+09   1.8300e-01
1.0351e+09   1.8600e-01
1.0389e+09   1.8900e-01
1.0427e+09   1.9200e-01
1.0464e+09   1.9500e-01
1.0502e+09   1.9800e-01
1.0540e+09   2.0100e-01
1.0579e+09   2.0400e-01
1.0617e+09   2.0700e-01
1.0656e+09   2.1000e-01
1.0694e+09   2.1300e-01
1.0733e+09   2.1600e-01
1.0772e+09   2.1900e-01
1.0811e+09   2.2200e-01
1.0851e+09   2.2500e-01
1.0890e+09   2.2800e-01
1.0930e+09   2.3100e-01
1.0969e+09   2.3400e-01
1.1009e+09   2.3700e-01
1.1049e+09   2.4000e-01
1.1090e+09   2.4300e-01
1.1130e+09   2.4600e-01
1.1170e+09   2.4900e-01
1.1211e+09   2.5200e-01
1.1252e+09   2.5500e-01
1.1293e+09   2.5800e-01
1.1334e+09   2.6100e-01
1.1376e+09   2.6400e-01
1.1417e+09   2.6700e-01
1.1459e+09   2.7000e-01
1.1501e+09   2.7300e-01
1.1543e+09   2.7600e-01
1.1585e+09   2.7900e-01
1.1627e+09   2.8200e-01
1.1670e+09   2.8500e-01
1.1712e+09   2.8800e-01
1.1755e+09   2.9100e-01
1.1798e+09   2.9400e-01
1.1841e+09   2.9700e-01
1.1885e+09   3.0000e-01
1.1928e+09   3.0300e-01
1.1972e+09   3.0600e-01
1.2016e+09   3.0900e-01
1.2060e+09   3.1200e-01
1.2104e+09   3.1500e-01
1.2148e+09   3.1800e-01
1.2193e+09   3.2100e-01
1.2237e+09   3.2400e-01
1.2282e+09   3.2700e-01
1.2327e+09   3.3000e-01
1.2373e+09   3.3300e-01
1.2418e+09   3.3600e-01
1.2464e+09   3.3900e-01
1.2509e+09   3.4200e-01
1.2555e+09   3.4500e-01
1.2602e+09   3.4800e-01
1.2648e+09   3.5100e-01
1.2694e+09   3.5400e-01
1.2741e+09   3.5700e-01
1.2788e+09   3.6000e-01
1.2835e+09   3.6300e-01
1.2882e+09   3.6600e-01
1.2930e+09   3.6900e-01
1.2977e+09   3.7200e-01
1.3025e+09   3.7500e-01
1.3073e+09   3.7800e-01
1.3122e+09   3.8100e-01
1.3170e+09   3.8400e-01
1.3219e+09   3.8700e-01
1.3267e+09   3.9000e-01
1.3316e+09   3.9300e-01
1.3365e+09   3.9600e-01
1.3415e+09   3.9900e-01
1.3464e+09   4.0200e-01
1.3514e+09   4.0500e-01
1.3564e+09   4.0800e-01
1.3614e+09   4.1100e-01
1.3665e+09   4.1400e-01
1.3715e+09   4.1700e-01
1.3766e+09   4.2000e-01
1.3817e+09   4.2300e-01
1.3868e+09   4.2600e-01
1.3919e+09   4.2900e-01
1.3971e+09   4.3200e-01
1.4023e+09   4.3500e-01
1.4075e+09   4.3800e-01
1.4127e+09   4.4100e-01
1.4179e+09   4.4400e-01
1.4232e+09   4.4700e-01
1.4285e+09   4.5000e-01
1.4338e+09   4.5300e-01
1.4391e+09   4.5600e-01
1.4444e+09   4.5900e-01
1.4498e+09   4.6200e-01
1.4552e+09   4.6500e-01
1.4606e+09   4.6800e-01
1.4660e+09   4.7100e-01
1.4715e+09   4.7400e-01
1.4770e+09   4.7700e-01
1.4825e+09   4.8000e-01
1.4880e+09   4.8300e-01
1.4935e+09   4.8600e-01
1.4991e+09   4.8900e-01
1.5047e+09   4.9200e-01
1.5103e+09   4.9500e-01
1.5159e+09   4.9800e-01
1.5216e+09   5.0100e-01
1.5272e+09   5.0400e-01
1.5329e+09   5.0700e-01
1.5386e+09   5.1000e-01
1.5444e+09   5.1300e-01
1.5502e+09   5.1600e-01
1.5559e+09   5.1900e-01
1.5618e+09   5.2200e-01
1.5676e+09   5.2500e-01
1.5735e+09   5.2800e-01
1.5793e+09   5.3100e-01
1.5852e+09   5.3400e-01
1.5912e+09   5.3700e-01
1.5971e+09   5.4000e-01
1.6031e+09   5.4300e-01
1.6091e+09   5.4600e-01
1.6151e+09   5.4900e-01
1.6212e+09   5.5200e-01
1.6273e+09   5.5500e-01
1.6334e+09   5.5800e-01
1.6395e+09   5.6100e-01
1.6456e+09   5.6400e-01
1.6518e+09   5.6700e-01
1.6580e+09   5.7000e-01
1.6642e+09   5.7300e-01
1.6705e+09   5.7600e-01
1.6768e+09   5.7900e-01
1.6831e+09   5.8200e-01
1.6894e+09   5.8500e-01
1.6957e+09   5.8800e-01
1.7021e+09   5.9100e-01
1.7085e+09   5.9400e-01
1.7149e+09   5.9700e-01
1.7214e+09   6.0000e-01
1.7279e+09   6.0300e-01
1.7344e+09   6.0600e-01
1.7409e+09   6.0900e-01
1.7475e+09   6.1200e-01
1.7541e+09   6.1500e-01
1.7607e+09   6.1800e-01
1.7673e+09   6.2100e-01
1.7740e+09   6.2400e-01
1.7807e+09   6.2700e-01
1.7874e+09   6.3000e-01
1.7941e+09   6.3300e-01
1.8009e+09   6.3600e-01
1.8077e+09   6.3900e-01
1.8145e+09   6.4200e-01
1.8214e+09   6.4500e-01
1.8283e+09   6.4800e-01
1.8352e+09   6.5100e-01
1.8421e+09   6.5400e-01
1.8491e+09   6.5700e-01
1.8561e+09   6.6000e-01
1.8631e+09   6.6300e-01
1.8702e+09   6.6600e-01
1.8773e+09   6.6900e-01
1.8844e+09   6.7200e-01
1.8915e+09   6.7500e-01
1.8987e+09   6.7800e-01
1.9059e+09   6.8100e-01
1.9131e+09   6.8400e-01
1.9204e+09   6.8700e-01
1.9277e+09   6.9000e-01
1.9350e+09   6.9300e-01
1.9423e+09   6.9600e-01
1.9497e+09   6.9900e-01
1.9571e+09   7.0200e-01
1.9645e+09   7.0500e-01
1.9720e+09   7.0800e-01
1.9795e+09   7.1100e-01
1.9870e+09   7.1400e-01
1.9946e+09   7.1700e-01
2.0022e+09   7.2000e-01
2.0098e+09   7.2300e-01
2.0175e+09   7.2600e-01
2.0252e+09   7.2900e-01
2.0329e+09   7.3200e-01
2.0406e+09   7.3500e-01
2.0484e+09   7.3800e-01
2.0562e+09   7.4100e-01
2.0640e+09   7.4400e-01
2.0719e+09   7.4700e-01
2.0798e+09   7.5000e-01
2.0878e+09   7.5300e-01
2.0957e+09   7.5600e-01
2.1037e+09   7.5900e-01
2.1118e+09   7.6200e-01
2.1199e+09   7.6500e-01
2.1280e+09   7.6800e-01
2.1361e+09   7.7100e-01
2.1443e+09   7.7400e-01
2.1525e+09   7.7700e-01
2.1607e+09   7.8000e-01
2.1690e+09   7.8300e-01
2.1773e+09   7.8600e-01
2.1856e+09   7.8900e-01
2.1940e+09   7.9200e-01
2.2024e+09   7.9500e-01
2.2108e+09   7.9800e-01
2.2193e+09   8.0100e-01
2.2278e+09   8.0400e-01
2.2364e+09   8.0700e-01
2.2450e+09   8.1000e-01
2.2536e+09   8.1300e-01
2.2622e+09   8.1600e-01
2.2709e+09   8.1900e-01
2.2797e+09   8.2200e-01
2.2884e+09   8.2500e-01
2.2972e+09   8.2800e-01
2.3060e+09   8.3100e-01
2.3149e+09   8.3400e-01
2.3238e+09   8.3700e-01
2.3328e+09   8.4000e-01
2.3417e+09   8.4300e-01
2.3508e+09   8.4600e-01
2.3598e+09   8.4900e-01
2.3689e+09   8.5200e-01
2.3780e+09   8.5500e-01
2.3872e+09   8.5800e-01
2.3964e+09   8.6100e-01
2.4057e+09   8.6400e-01
2.4149e+09   8.6700e-01
2.4243e+09   8.7000e-01
2.4336e+09   8.7300e-01
2.4430e+09   8.7600e-01
2.4525e+09   8.7900e-01
2.4619e+09   8.8200e-01
2.4714e+09   8.8500e-01
2.4810e+09   8.8800e-01
2.4906e+09   8.9100e-01
2.5002e+09   8.9400e-01
2.5099e+09   8.9700e-01
2.5196e+09   9.0000e-01
2.5294e+09   9.0300e-01
2.5392e+09   9.0600e-01
2.5490e+09   9.0900e-01
2.5589e+09   9.1200e-01
2.5688e+09   9.1500e-01
2.5787e+09   9.1800e-01
2.5887e+09   9.2100e-01
2.5988e+09   9.2400e-01
2.6089e+09   9.2700e-01
2.6190e+09   9.3000e-01
2.6292e+09   9.3300e-01
2.6394e+09   9.3600e-01
2.6496e+09   9.3900e-01
2.6599e+09   9.4200e-01
2.6703e+09   9.4500e-01
2.6806e+09   9.4800e-01
2.6911e+09   9.5100e-01
2.7015e+09   9.5400e-01
2.7120e+09   9.5700e-01
2.7226e+09   9.6000e-01
2.7332e+09   9.6300e-01
2.7438e+09   9.6600e-01
2.7545e+09   9.6900e-01
2.7653e+09   9.7200e-01
2.7760e+09   9.7500e-01
2.7869e+09   9.7800e-01
2.7977e+09   9.8100e-01
2.8086e+09   9.8400e-01
2.8196e+09   9.8700e-01
2.8306e+09   9.9000e-01
2.8417e+09   9.9300e-01
2.8528e+09   9.9600e-01
2.8639e+09   9.9900e-01
2.8751e+09   1.0020e+00
2.8863e+09   1.0050e+00
2.8976e+09   1.0080e+00
2.9089e+09   1.0110e+00
2.9203e+09   1.0140e+00
2.9317e+09   1.0170e+00
2.9432e+09   1.0200e+00
2.9547e+09   1.0230e+00
2.9663e+09   1.0260e+00
2.9779e+09   1.0290e+00
2.9896e+09   1.0320e+00
3.0013e+09   1.0350e+00
3.0131e+09   1.0380e+00
3.0249e+09   1.0410e+00
3.0368e+09   1.0440e+00
3.0487e+09   1.0470e+00
3.0606e+09   1.0500e+00
3.0727e+09   1.0530e+00
3.0847e+09   1.0560e+00
3.0968e+09   1.0590e+00
3.1090e+09   1.0620e+00
3.1212e+09   1.0650e+00
3.1335e+09   1.0680e+00
3.1458e+09   1.0710e+00
3.1582e+09   1.0740e+00
3.1706e+09   1.0770e+00
3.1831e+09   1.0800e+00
3.1956e+09   1.0830e+00
3.2082e+09   1.0860e+00
3.2209e+09   1.0890e+00
3.2336e+09   1.0920e+00
3.2463e+09   1.0950e+00
3.2591e+09   1.0980e+00
3.2719e+09   1.1010e+00
3.2849e+09   1.1040e+00
3.2978e+09   1.1070e+00
3.3108e+09   1.1100e+00
3.3239e+09   1.1130e+00
3.3370e+09   1.1160e+00
3.3502e+09   1.1190e+00
3.3634e+09   1.1220e+00
3.3767e+09   1.1250e+00
3.3901e+09   1.1280e+00
3.4035e+09   1.1310e+00
3.4170e+09   1.1340e+00
3.4305e+09   1.1370e+00
3.4440e+09   1.1400e+00
3.4577e+09   1.1430e+00
3.4714e+09   1.1460e+00
3.4851e+09   1.1490e+00
3.4989e+09   1.1520e+00
3.5128e+09   1.1550e+00
3.5267e+09   1.1580e+00
3.5407e+09   1.1610e+00
3.5548e+09   1.1640e+00
3.5689e+09   1.1670e+00
3.5830e+09   1.1700e+00
3.5972e+09   1.1730e+00
3.6115e+09   1.1760e+00
3.6259e+09   1.1790e+00
3.6403e+09   1.1820e+00
3.6547e+09   1.1850e+00
3.6693e+09   1.1880e+00
3.6839e+09   1.1910e+00
3.6985e+09   1.1940e+00
3.7132e+09   1.1970e+00
3.7280e+09   1.2000e+00
3.7429e+09   1.2030e+00
3.7578e+09   1.2060e+00
3.7727e+09   1.2090e+00
3.7878e+09   1.2120e+00
3.8028e+09   1.2150e+00
3.8180e+09   1.2180e+00
3.8332e+09   1.2210e+00
3.8485e+09   1.2240e+00
3.8639e+09   1.2270e+00
3.8793e+09   1.2300e+00
3.8948e+09   1.2330e+00
3.9103e+09   1.2360e+00
3.9259e+09   1.2390e+00
3.9416e+09   1.2420e+00
3.9574e+09   1.2450e+00
3.9732e+09   1.2480e+00
3.9891e+09   1.2510e+00
4.0050e+09   1.2540e+00
4.0211e+09   1.2570e+00
4.0372e+09   1.2600e+00
4.0533e+09   1.2630e+00
4.0695e+09   1.2660e+00
4.0858e+09   1.2690e+00
4.1022e+09   1.2720e+00
4.1187e+09   1.2750e+00
4.1352e+09   1.2780e+00
4.1517e+09   1.2810e+00
4.1684e+09   1.2840e+00
4.1851e+09   1.2870e+00
4.2019e+09   1.2900e+00
4.2188e+09   1.2930e+00
4.2357e+09   1.2960e+00
4.2527e+09   1.2990e+00
4.2698e+09   1.3020e+00
4.2870e+09   1.3050e+00
4.3042e+09   1.3080e+00
4.3215e+09   1.3110e+00
4.3389e+09   1.3140e+00
4.3563e+09   1.3170e+00
4.3739e+09   1.3200e+00
4.3915e+09   1.3230e+00
4.4091e+09   1.3260e+00
4.4269e+09   1.3290e+00
4.4447e+09   1.3320e+00
4.4626e+09   1.3350e+00
4.4806e+09   1.3380e+00
4.4987e+09   1.3410e+00
4.5168e+09   1.3440e+00
4.5350e+09   1.3470e+00
4.5533e+09   1.3500e+00
4.5717e+09   1.3530e+00
4.5902e+09   1.3560e+00
4.6087e+09   1.3590e+00
4.6273e+09   1.3620e+00
4.6460e+09   1.3650e+00
4.6648e+09   1.3680e+00
4.6836e+09   1.3710e+00
4.7026e+09   1.3740e+00
4.7216e+09   1.3770e+00
4.7407e+09   1.3800e+00
4.7599e+09   1.3830e+00
4.7792e+09   1.3860e+00
4.7985e+09   1.3890e+00
4.8179e+09   1.3920e+00
4.8375e+09   1.3950e+00
4.8571e+09   1.3980e+00
4.8768e+09   1.4010e+00
4.8965e+09   1.4040e+00
4.9164e+09   1.4070e+00
4.9363e+09   1.4100e+00
4.9564e+09   1.4130e+00
4.9765e+09   1.4160e+00
4.9967e+09   1.4190e+00
5.0170e+09   1.4220e+00
5.0373e+09   1.4250e+00
5.0578e+09   1.4280e+00
5.0784e+09   1.4310e+00
5.0990e+09   1.4340e+00
5.1197e+09   1.4370e+00
5.1406e+09   1.4400e+00
5.1615e+09   1.4430e+00
5.1825e+09   1.4460e+00
5.2036e+09   1.4490e+00
5.2248e+09   1.4520e+00
5.2461e+09   1.4550e+00
5.2674e+09   1.4580e+00
5.2889e+09   1.4610e+00
5.3105e+09   1.4640e+00
5.3321e+09   1.4670e+00
5.3539e+09   1.4700e+00
5.3757e+09   1.4730e+00
5.3976e+09   1.4760e+00
5.4197e+09   1.4790e+00
5.4418e+09   1.4820e+00
5.4640e+09   1.4850e+00
5.4863e+09   1.4880e+00
5.5087e+09   1.4910e+00
5.5313e+09   1.4940e+00
5.5539e+09   1.4970e+00
5.5766e+09   1.5000e+00
5.5994e+09   1.5030e+00
5.6223e+09   1.5060e+00
5.6453e+09   1.5090e+00
5.6684e+09   1.5120e+00
5.6916e+09   1.5150e+00
5.7149e+09   1.5180e+00
5.7384e+09   1.5210e+00
5.7619e+09   1.5240e+00
5.7855e+09   1.5270e+00
5.8092e+09   1.5300e+00
5.8330e+09   1.5330e+00
5.8570e+09   1.5360e+00
5.8810e+09   1.5390e+00
5.9051e+09   1.5420e+00
5.9294e+09   1.5450e+00
5.9537e+09   1.5480e+00
5.9782e+09   1.5510e+00
6.0028e+09   1.5540e+00
6.0274e+09   1.5570e+00
6.0522e+09   1.5600e+00
6.0771e+09   1.5630e+00
6.1021e+09   1.5660e+00
6.1272e+09   1.5690e+00
6.1524e+09   1.5720e+00
6.1777e+09   1.5750e+00
6.2032e+09   1.5780e+00
6.2287e+09   1.5810e+00
6.2544e+09   1.5840e+00
6.2801e+09   1.5870e+00
6.3060e+09   1.5900e+00
6.3320e+09   1.5930e+00
6.3581e+09   1.5960e+00
6.3844e+09   1.5990e+00
6.4107e+09   1.6020e+00
6.4372e+09   1.6050e+00
6.4637e+09   1.6080e+00
6.4904e+09   1.6110e+00
6.5172e+09   1.6140e+00
6.5441e+09   1.6170e+00
6.5712e+09   1.6200e+00
6.5983e+09   1.6230e+00
6.6256e+09   1.6260e+00
6.6530e+09   1.6290e+00
6.6805e+09   1.6320e+00
6.7082e+09   1.6350e+00
6.7360e+09   1.6380e+00
6.7638e+09   1.6410e+00
6.7918e+09   1.6440e+00
6.8200e+09   1.6470e+00
6.8482e+09   1.6500e+00
6.8766e+09   1.6530e+00
6.9051e+09   1.6560e+00
6.9337e+09   1.6590e+00
6.9625e+09   1.6620e+00
6.9914e+09   1.6650e+00
7.0204e+09   1.6680e+00
7.0495e+09   1.6710e+00
7.0788e+09   1.6740e+00
7.1082e+09   1.6770e+00
7.1377e+09   1.6800e+00
7.1674e+09   1.6830e+00
7.1971e+09   1.6860e+00
7.2271e+09   1.6890e+00
7.2571e+09   1.6920e+00
7.2873e+09   1.6950e+00
7.3176e+09   1.6980e+00
7.3480e+09   1.7010e+00
7.3786e+09   1.7040e+00
7.4093e+09   1.7070e+00
7.4402e+09   1.7100e+00
7.4712e+09   1.7130e+00
7.5023e+09   1.7160e+00
7.5336e+09   1.7190e+00
7.5650e+09   1.7220e+00
7.5965e+09   1.7250e+00
7.6282e+09   1.7280e+00
7.6600e+09   1.7310e+00
7.6920e+09   1.7340e+00
7.7241e+09   1.7370e+00
7.7563e+09   1.7400e+00
7.7887e+09   1.7430e+00
7.8212e+09   1.7460e+00
7.8539e+09   1.7490e+00
7.8867e+09   1.7520e+00
7.9197e+09   1.7550e+00
7.9528e+09   1.7580e+00
7.9860e+09   1.7610e+00
8.0194e+09   1.7640e+00
8.0530e+09   1.7670e+00
8.0867e+09   1.7700e+00
8.1205e+09   1.7730e+00
8.1545e+09   1.7760e+00
8.1887e+09   1.7790e+00
8.2230e+09   1.7820e+00
8.2574e+09   1.7850e+00
8.2920e+09   1.7880e+00
8.3268e+09   1.7910e+00
8.3617e+09   1.7940e+00
8.3968e+09   1.7970e+00
8.4320e+09   1.8000e+00
8.4674e+09   1.8030e+00
8.5029e+09   1.8060e+00
8.5386e+09   1.8090e+00
8.5744e+09   1.8120e+00
8.6105e+09   1.8150e+00
8.6466e+09   1.8180e+00
8.6830e+09   1.8210e+00
8.7195e+09   1.8240e+00
8.7561e+09   1.8270e+00
8.7929e+09   1.8300e+00
8.8299e+09   1.8330e+00
8.8671e+09   1.8360e+00
8.9044e+09   1.8390e+00
8.9418e+09   1.8420e+00
8.9795e+09   1.8450e+00
9.0173e+09   1.8480e+00
9.0553e+09   1.8510e+00
9.0934e+09   1.8540e+00
9.1317e+09   1.8570e+00
9.1702e+09   1.8600e+00
9.2089e+09   1.8630e+00
9.2477e+09   1.8660e+00
9.2867e+09   1.8690e+00
9.3259e+09   1.8720e+00
9.3653e+09   1.8750e+00
9.4048e+09   1.8780e+00
9.4445e+09   1.8810e+00
9.4844e+09   1.8840e+00
9.5244e+09   1.8870e+00
9.5647e+09   1.8900e+00
9.6051e+09   1.8930e+00
9.6457e+09   1.8960e+00
9.6865e+09   1.8990e+00
9.7274e+09   1.9020e+00
9.7686e+09   1.9050e+00
9.8099e+09   1.9080e+00
9.8514e+09   1.9110e+00
9.8931e+09   1.9140e+00
9.9350e+09   1.9170e+00
9.9770e+09   1.9200e+00
1.0019e+10   1.9230e+00
1.0062e+10   1.9260e+00
1.0104e+10   1.9290e+00
1.0147e+10   1.9320e+00
1.0190e+10   1.9350e+00
1.0233e+10   1.9380e+00
1.0277e+10   1.9410e+00
1.0320e+10   1.9440e+00
1.0364e+10   1.9470e+00
1.0408e+10   1.9500e+00
1.0452e+10   1.9530e+00
1.0497e+10   1.9560e+00
1.0541e+10   1.9590e+00
1.0586e+10   1.9620e+00
1.0631e+10   1.9650e+00
1.0676e+10   1.9680e+00
1.0722e+10   1.9710e+00
1.0767e+10   1.9740e+00
1.0813e+10   1.9770e+00
1.0859e+10   1.9800e+00
1.0905e+10   1.9830e+00
1.0952e+10   1.9860e+00
1.0998e+10   1.9890e+00
1.1045e+10   1.9920e+00
1.1092e+10   1.9950e+00
1.1139e+10   1.9980e+00
1.1187e+10   2.0010e+00
1.1234e+10   2.0040e+00
1.1282e+10   2.0070e+00
1.1330e+10   2.0100e+00
1.1379e+10   2.0130e+00
1.1427e+10   2.0160e+00
1.1476e+10   2.0190e+00
1.1525e+10   2.0220e+00
1.1574e+10   2.0250e+00
1.1623e+10   2.0280e+00
1.1673e+10   2.0310e+00
1.1723e+10   2.0340e+00
1.1773e+10   2.0370e+00
1.1823e+10   2.0400e+00
1.1874e+10   2.0430e+00
1.1924e+10   2.0460e+00
1.1975e+10   2.0490e+00
1.2027e+10   2.0520e+00
1.2078e+10   2.0550e+00
1.2130e+10   2.0580e+00
1.2182e+10   2.0610e+00
1.2234e+10   2.0640e+00
1.2286e+10   2.0670e+00
1.2339e+10   2.0700e+00
1.2391e+10   2.0730e+00
1.2444e+10   2.0760e+00
1.2498e+10   2.0790e+00
1.2551e+10   2.0820e+00
1.2605e+10   2.0850e+00
1.2659e+10   2.0880e+00
1.2713e+10   2.0910e+00
1.2768e+10   2.0940e+00
1.2823e+10   2.0970e+00
1.2878e+10   2.1000e+00
1.2933e+10   2.1030e+00
1.2988e+10   2.1060e+00
1.3044e+10   2.1090e+00
1.3100e+10   2.1120e+00
1.3156e+10   2.1150e+00
1.3213e+10   2.1180e+00
1.3269e+10   2.1210e+00
1.3326e+10   2.1240e+00
1.3384e+10   2.1270e+00
1.3441e+10   2.1300e+00
1.3499e+10   2.1330e+00
1.3557e+10   2.1360e+00
1.3615e+10   2.1390e+00
1.3674e+10   2.1420e+00
1.3733e+10   2.1450e+00
1.3792e+10   2.1480e+00
1.3851e+10   2.1510e+00
1.3911e+10   2.1540e+00
1.3971e+10   2.1570e+00
1.4031e+10   2.1600e+00
1.4091e+10   2.1630e+00
1.4152e+10   2.1660e+00
1.4213e+10   2.1690e+00
1.4274e+10   2.1720e+00
1.4335e+10   2.1750e+00
1.4397e+10   2.1780e+00
1.4459e+10   2.1810e+00
1.4522e+10   2.1840e+00
1.4584e+10   2.1870e+00
1.4647e+10   2.1900e+00
1.4710e+10   2.1930e+00
1.4774e+10   2.1960e+00
1.4837e+10   2.1990e+00
1.4902e+10   2.2020e+00
1.4966e+10   2.2050e+00
1.5030e+10   2.2080e+00
1.5095e+10   2.2110e+00
1.5161e+10   2.2140e+00
1.5226e+10   2.2170e+00
1.5292e+10   2.2200e+00
1.5358e+10   2.2230e+00
1.5424e+10   2.2260e+00
1.5491e+10   2.2290e+00
1.5558e+10   2.2320e+00
1.5625e+10   2.2350e+00
1.5693e+10   2.2380e+00
1.5761e+10   2.2410e+00
1.5829e+10   2.2440e+00
1.5897e+10   2.2470e+00
1.5966e+10   2.2500e+00
1.6035e+10   2.2530e+00
1.6104e+10   2.2560e+00
1.6174e+10   2.2590e+00
1.6244e+10   2.2620e+00
1.6315e+10   2.2650e+00
1.6385e+10   2.2680e+00
1.6456e+10   2.2710e+00
1.6528e+10   2.2740e+00
1.6599e+10   2.2770e+00
1.6671e+10   2.2800e+00
1.6743e+10   2.2830e+00
1.6816e+10   2.2860e+00
1.6889e+10   2.2890e+00
1.6962e+10   2.2920e+00
1.7036e+10   2.2950e+00
1.7109e+10   2.2980e+00
1.7184e+10   2.3010e+00
1.7258e+10   2.3040e+00
1.7333e+10   2.3070e+00
1.7408e+10   2.3100e+00
1.7484e+10   2.3130e+00
1.7560e+10   2.3160e+00
1.7636e+10   2.3190e+00
1.7713e+10   2.3220e+00
1.7790e+10   2.3250e+00
1.7867e+10   2.3280e+00
1.7944e+10   2.3310e+00
1.8022e+10   2.3340e+00
1.8101e+10   2.3370e+00
1.8179e+10   2.3400e+00
1.8258e+10   2.3430e+00
1.8338e+10   2.3460e+00
1.8418e+10   2.3490e+00
1.8498e+10   2.3520e+00
1.8578e+10   2.3550e+00
1.8659e+10   2.3580e+00
1.8740e+10   2.3610e+00
1.8822e+10   2.3640e+00
1.8903e+10   2.3670e+00
1.8986e+10   2.3700e+00
1.9068e+10   2.3730e+00
1.9151e+10   2.3760e+00
1.9235e+10   2.3790e+00
1.9318e+10   2.3820e+00
1.9403e+10   2.3850e+00
1.9487e+10   2.3880e+00
1.9572e+10   2.3910e+00
1.9657e+10   2.3940e+00
1.9743e+10   2.3970e+00
1.9829e+10   2.4000e+00
1.9915e+10   2.4030e+00
2.0002e+10   2.4060e+00
2.0089e+10   2.4090e+00
2.0177e+10   2.4120e+00
2.0265e+10   2.4150e+00
2.0353e+10   2.4180e+00
2.0442e+10   2.4210e+00
2.0531e+10   2.4240e+00
2.0620e+10   2.4270e+00
2.0710e+10   2.4300e+00
2.0801e+10   2.4330e+00
2.0891e+10   2.4360e+00
2.0982e+10   2.4390e+00
2.1074e+10   2.4420e+00
2.1166e+10   2.4450e+00
2.1258e+10   2.4480e+00
2.1351e+10   2.4510e+00
2.1444e+10   2.4540e+00
2.1538e+10   2.4570e+00
2.1632e+10   2.4600e+00
2.1726e+10   2.4630e+00
2.1821e+10   2.4660e+00
2.1916e+10   2.4690e+00
2.2012e+10   2.4720e+00
2.2108e+10   2.4750e+00
2.2205e+10   2.4780e+00
2.2302e+10   2.4810e+00
2.2399e+10   2.4840e+00
2.2497e+10   2.4870e+00
2.2595e+10   2.4900e+00
2.2694e+10   2.4930e+00
2.2793e+10   2.4960e+00
2.2893e+10   2.4990e+00
2.2993e+10   2.5020e+00
2.3093e+10   2.5050e+00
2.3194e+10   2.5080e+00
2.3295e+10   2.5110e+00
2.3397e+10   2.5140e+00
2.3499e+10   2.5170e+00
2.3602e+10   2.5200e+00
2.3705e+10   2.5230e+00
2.3809e+10   2.5260e+00
2.3913e+10   2.5290e+00
2.4018e+10   2.5320e+00
2.4123e+10   2.5350e+00
2.4228e+10   2.5380e+00
2.4334e+10   2.5410e+00
2.4440e+10   2.5440e+00
2.4547e+10   2.5470e+00
2.4655e+10   2.5500e+00
2.4762e+10   2.5530e+00
2.4871e+10   2.5560e+00
2.4979e+10   2.5590e+00
2.5089e+10   2.5620e+00
2.5198e+10   2.5650e+00
2.5309e+10   2.5680e+00
2.5419e+10   2.5710e+00
2.5531e+10   2.5740e+00
2.5642e+10   2.5770e+00
2.5754e+10   2.5800e+00
2.5867e+10   2.5830e+00
2.5980e+10   2.5860e+00
2.6094e+10   2.5890e+00
2.6208e+10   2.5920e+00
2.6323e+10   2.5950e+00
2.6438e+10   2.5980e+00
2.6554e+10   2.6010e+00
2.6670e+10   2.6040e+00
2.6786e+10   2.6070e+00
2.6904e+10   2.6100e+00
2.7021e+10   2.6130e+00
2.7139e+10   2.6160e+00
2.7258e+10   2.6190e+00
2.7377e+10   2.6220e+00
2.7497e+10   2.6250e+00
2.7618e+10   2.6280e+00
2.7738e+10   2.6310e+00
2.7860e+10   2.6340e+00
2.7982e+10   2.6370e+00
2.8104e+10   2.6400e+00
2.8227e+10   2.6430e+00
2.8350e+10   2.6460e+00
2.8474e+10   2.6490e+00
2.8599e+10   2.6520e+00
2.8724e+10   2.6550e+00
2.8850e+10   2.6580e+00
2.8976e+10   2.6610e+00
2.9103e+10   2.6640e+00
2.9230e+10   2.6670e+00
2.9358e+10   2.6700e+00
2.9486e+10   2.6730e+00
2.9615e+10   2.6760e+00
2.9745e+10   2.6790e+00
2.9875e+10   2.6820e+00
3.0005e+10   2.6850e+00
3.0137e+10   2.6880e+00
3.0268e+10   2.6910e+00
3.0401e+10   2.6940e+00
3.0534e+10   2.6970e+00
3.0667e+10   2.7000e+00
3.0801e+10   2.7030e+00
3.0936e+10   2.7060e+00
3.1071e+10   2.7090e+00
3.1207e+10   2.7120e+00
3.1343e+10   2.7150e+00
3.1480e+10   2.7180e+00
3.1618e+10   2.7210e+00
3.1756e+10   2.7240e+00
3.1895e+10   2.7270e+00
3.2034e+10   2.7300e+00
3.2174e+10   2.7330e+00
3.2314e+10   2.7360e+00
3.2456e+10   2.7390e+00
3.2597e+10   2.7420e+00
3.2740e+10   2.7450e+00
3.2883e+10   2.7480e+00
3.3026e+10   2.7510e+00
3.3170e+10   2.7540e+00
3.3315e+10   2.7570e+00
3.3461e+10   2.7600e+00
3.3607e+10   2.7630e+00
3.3753e+10   2.7660e+00
3.3900e+10   2.7690e+00
3.4048e+10   2.7720e+00
3.4197e+10   2.7750e+00
3.4346e+10   2.7780e+00
3.4496e+10   2.7810e+00
3.4646e+10   2.7840e+00
3.4797e+10   2.7870e+00
3.4949e+10   2.7900e+00
3.5101e+10   2.7930e+00
3.5254e+10   2.7960e+00
3.5408e+10   2.7990e+00
3.5562e+10   2.8020e+00
3.5717e+10   2.8050e+00
3.5873e+10   2.8080e+00
3.6029e+10   2.8110e+00
3.6186e+10   2.8140e+00
3.6343e+10   2.8170e+00
3.6502e+10   2.8200e+00
3.6660e+10   2.8230e+00
3.6820e+10   2.8260e+00
3.6980e+10   2.8290e+00
3.7141e+10   2.8320e+00
3.7302e+10   2.8350e+00
3.7465e+10   2.8380e+00
3.7628e+10   2.8410e+00
3.7791e+10   2.8440e+00
3.7955e+10   2.8470e+00
3.8120e+10   2.8500e+00
3.8286e+10   2.8530e+00
3.8452e+10   2.8560e+00
3.8619e+10   2.8590e+00
3.8787e+10   2.8620e+00
3.8955e+10   2.8650e+00
3.9124e+10   2.8680e+00
3.9294e+10   2.8710e+00
3.9464e+10   2.8740e+00
3.9635e+10   2.8770e+00
3.9807e+10   2.8800e+00
3.9980e+10   2.8830e+00
4.0153e+10   2.8860e+00
4.0327e+10   2.8890e+00
4.0502e+10   2.8920e+00
4.0677e+10   2.8950e+00
4.0853e+10   2.8980e+00
4.1030e+10   2.9010e+00
4.1208e+10   2.9040e+00
4.1386e+10   2.9070e+00
4.1565e+10   2.9100e+00
4.1745e+10   2.9130e+00
4.1925e+10   2.9160e+00
4.2106e+10   2.9190e+00
4.2288e+10   2.9220e+00
4.2471e+10   2.9250e+00
4.2654e+10   2.9280e+00
4.2838e+10   2.9310e+00
4.3023e+10   2.9340e+00
4.3209e+10   2.9370e+00
4.3395e+10   2.9400e+00
4.3582e+10   2.9430e+00
4.3770e+10   2.9460e+00
4.3959e+10   2.9490e+00
4.4148e+10   2.9520e+00
4.4338e+10   2.9550e+00
4.4529e+10   2.9580e+00
4.4720e+10   2.9610e+00
4.4913e+10   2.9640e+00
4.5106e+10   2.9670e+00
4.5300e+10   2.9700e+00
4.5494e+10   2.9730e+00
4.5690e+10   2.9760e+00
4.5886e+10   2.9790e+00
4.6083e+10   2.9820e+00
4.6281e+10   2.9850e+00
4.6479e+10   2.9880e+00
4.6678e+10   2.9910e+00
4.6878e+10   2.9940e+00
4.7079e+10   2.9970e+00
4.7281e+10   3.0000e+00
4.7483e+10   3.0030e+00
4.7686e+10   3.0060e+00
4.7890e+10   3.0090e+00
4.8095e+10   3.0120e+00
4.8301e+10   3.0150e+00
4.8507e+10   3.0180e+00
4.8714e+10   3.0210e+00
4.8922e+10   3.0240e+00
4.9131e+10   3.0270e+00
4.9340e+10   3.0300e+00
4.9550e+10   3.0330e+00
4.9762e+10   3.0360e+00
4.9973e+10   3.0390e+00
5.0186e+10   3.0420e+00
5.0400e+10   3.0450e+00
5.0614e+10   3.0480e+00
5.0829e+10   3.0510e+00
5.1045e+10   3.0540e+00
5.1262e+10   3.0570e+00
5.1479e+10   3.0600e+00
5.1698e+10   3.0630e+00
5.1917e+10   3.0660e+00
5.2137e+10   3.0690e+00
5.2358e+10   3.0720e+00
5.2579e+10   3.0750e+00
5.2802e+10   3.0780e+00
5.3025e+10   3.0810e+00
5.3249e+10   3.0840e+00
5.3474e+10   3.0870e+00
5.3700e+10   3.0900e+00
5.3926e+10   3.0930e+00
5.4153e+10   3.0960e+00
5.4382e+10   3.0990e+00
5.4611e+10   3.1020e+00
5.4840e+10   3.1050e+00
5.5071e+10   3.1080e+00
5.5303e+10   3.1110e+00
5.5535e+10   3.1140e+00
5.5768e+10   3.1170e+00
5.6002e+10   3.1200e+00
5.6237e+10   3.1230e+00
5.6473e+10   3.1260e+00
5.6709e+10   3.1290e+00
5.6946e+10   3.1320e+00
5.7185e+10   3.1350e+00
5.7424e+10   3.1380e+00
5.7663e+10   3.1410e+00
5.7904e+10   3.1440e+00
1.2057e+11   3.1470e+00
1.2126e+11   3.1500e+00
1.2171e+11   3.1530e+00
1.2217e+11   3.1560e+00
1.2263e+11   3.1590e+00
1.2309e+11   3.1620e+00
1.2355e+11   3.1650e+00
1.2401e+11   3.1680e+00
1.2447e+11   3.1710e+00
1.2493e+11   3.1740e+00
1.2540e+11   3.1770e+00
1.2586e+11   3.1800e+00
1.2633e+11   3.1830e+00
1.2680e+11   3.1860e+00
1.2726e+11   3.1890e+00
1.2773e+11   3.1920e+00
1.2820e+11   3.1950e+00
1.2867e+11   3.1980e+00
1.2915e+11   3.2010e+00
1.2962e+11   3.2040e+00
1.3009e+11   3.2070e+00
1.3057e+11   3.2100e+00
1.3104e+11   3.2130e+00
1.3152e+11   3.2160e+00
1.3200e+11   3.2190e+00
1.3247e+11   3.2220e+00
1.3295e+11   3.2250e+00
1.3343e+11   3.2280e+00
1.3391e+11   3.2310e+00
1.3439e+11   3.2340e+00
1.3488e+11   3.2370e+00
1.3536e+11   3.2400e+00
1.3584e+11   3.2430e+00
1.3633e+11   3.2460e+00
9.4895e+10   3.2490e+00
9.5232e+10   3.2520e+00
9.5569e+10   3.2550e+00
9.5907e+10   3.2580e+00
9.6246e+10   3.2610e+00
9.6585e+10   3.2640e+00
9.6924e+10   3.2670e+00
9.7264e+10   3.2700e+00
9.7604e+10   3.2730e+00
9.7945e+10   3.2760e+00
9.8286e+10   3.2790e+00
9.8628e+10   3.2820e+00
9.8970e+10   3.2850e+00
9.9312e+10   3.2880e+00
9.9655e+10   3.2910e+00
9.9998e+10   3.2940e+00
1.0034e+11   3.2970e+00
1.0068e+11   3.3000e+00
1.0103e+11   3.3030e+00
1.0137e+11   3.3060e+00
1.0172e+11   3.3090e+00
1.0206e+11   3.3120e+00
1.0241e+11   3.3150e+00
1.0275e+11   3.3180e+00
1.0310e+11   3.3210e+00
1.0345e+11   3.3240e+00
1.0379e+11   3.3270e+00
1.0414e+11   3.3300e+00
1.0449e+11   3.3330e+00
1.0483e+11   3.3360e+00
1.0518e+11   3.3390e+00
1.0553e+11   3.3420e+00
1.0587e+11   3.3450e+00
1.0622e+11   3.3480e+00
1.0657e+11   3.3510e+00
1.0692e+11   3.3540e+00
1.0726e+11   3.3570e+00
1.0761e+11   3.3600e+00
1.0796e+11   3.3630e+00
1.0831e+11   3.3660e+00
1.0866e+11   3.3690e+00
1.0900e+11   3.3720e+00
1.0935e+11   3.3750e+00
1.0970e+11   3.3780e+00
1.1005e+11   3.3810e+00
1.1039e+11   3.3840e+00
1.1074e+11   3.3870e+00
1.1109e+11   3.3900e+00
1.1144e+11   3.3930e+00
1.1178e+11   3.3960e+00
1.1213e+11   3.3990e+00
1.1248e+11   3.4020e+00
1.1283e+11   3.4050e+00
1.1317e+11   3.4080e+00
1.1352e+11   3.4110e+00
1.1386e+11   3.4140e+00
1.1421e+11   3.4170e+00
1.1455e+11   3.4200e+00
1.1490e+11   3.4230e+00
1.1524e+11   3.4260e+00
1.1559e+11   3.4290e+00
1.1593e+11   3.4320e+00
1.1628e+11   3.4350e+00
1.1662e+11   3.4380e+00
1.1696e+11   3.4410e+00
1.1730e+11   3.4440e+00
1.1764e+11   3.4470e+00
1.1799e+11   3.4500e+00
1.1833e+11   3.4530e+00
1.1867e+11   3.4560e+00
1.1901e+11   3.4590e+00
1.1934e+11   3.4620e+00
1.1968e+11   3.4650e+00
1.2002e+11   3.4680e+00
1.2036e+11   3.4710e+00
1.2069e+11   3.4740e+00
1.2103e+11   3.4770e+00
1.2136e+11   3.4800e+00
1.2169e+11   3.4830e+00
1.2203e+11   3.4860e+00
1.2236e+11   3.4890e+00
1.2269e+11   3.4920e+00
1.2302e+11   3.4950e+00
1.2335e+11   3.4980e+00
1.2368e+11   3.5010e+00
1.2400e+11   3.5040e+00
1.2433e+11   3.5070e+00
1.2465e+11   3.5100e+00
1.2498e+11   3.5130e+00
1.2530e+11   3.5160e+00
1.2562e+11   3.5190e+00
1.2594e+11   3.5220e+00
1.2626e+11   3.5250e+00
1.2658e+11   3.5280e+00
1.2689e+11   3.5310e+00
1.2721e+11   3.5340e+00
1.2752e+11   3.5370e+00
1.2783e+11   3.5400e+00
1.2814e+11   3.5430e+00
1.2845e+11   3.5460e+00
1.2876e+11   3.5490e+00
1.2907e+11   3.5520e+00
1.2937e+11   3.5550e+00
1.2967e+11   3.5580e+00
1.2997e+11   3.5610e+00
1.3027e+11   3.5640e+00
1.3057e+11   3.5670e+00
1.3087e+11   3.5700e+00
1.3116e+11   3.5730e+00
1.3145e+11   3.5760e+00
1.3174e+11   3.5790e+00
1.3203e+11   3.5820e+00
1.3232e+11   3.5850e+00
1.3260e+11   3.5880e+00
1.3288e+11   3.5910e+00
1.3317e+11   3.5940e+00
1.3344e+11   3.5970e+00
1.3372e+11   3.6000e+00
1.3399e+11   3.6030e+00
1.3426e+11   3.6060e+00
1.3453e+11   3.6090e+00
1.3480e+11   3.6120e+00
1.3506e+11   3.6150e+00
1.3533e+11   3.6180e+00
1.3558e+11   3.6210e+00
1.3584e+11   3.6240e+00
1.3610e+11   3.6270e+00
1.3635e+11   3.6300e+00
1.3660e+11   3.6330e+00
1.3684e+11   3.6360e+00
1.3709e+11   3.6390e+00
1.3733e+11   3.6420e+00
1.3756e+11   3.6450e+00
1.3780e+11   3.6480e+00
1.3803e+11   3.6510e+00
1.3826e+11   3.6540e+00
1.3848e+11   3.6570e+00
1.3871e+11   3.6600e+00
1.3892e+11   3.6630e+00
1.3914e+11   3.6660e+00
1.3935e+11   3.6690e+00
1.3956e+11   3.6720e+00
1.3977e+11   3.6750e+00
1.3997e+11   3.6780e+00
1.4017e+11   3.6810e+00
1.4036e+11   3.6840e+00
1.4056e+11   3.6870e+00
1.4074e+11   3.6900e+00
1.4093e+11   3.6930e+00
1.4111e+11   3.6960e+00
1.4129e+11   3.6990e+00
1.4146e+11   3.7020e+00
1.4163e+11   3.7050e+00
1.4179e+11   3.7080e+00
1.4195e+11   3.7110e+00
1.4211e+11   3.7140e+00
1.4226e+11   3.7170e+00
1.4241e+11   3.7200e+00
1.4255e+11   3.7230e+00
1.4269e+11   3.7260e+00
1.4283e+11   3.7290e+00
1.4296e+11   3.7320e+00
1.4308e+11   3.7350e+00
1.4320e+11   3.7380e+00
1.4332e+11   3.7410e+00
1.4343e+11   3.7440e+00
1.4354e+11   3.7470e+00
1.4364e+11   3.7500e+00
1.4374e+11   3.7530e+00
1.4383e+11   3.7560e+00
1.4391e+11   3.7590e+00
1.4400e+11   3.7620e+00
1.4407e+11   3.7650e+00
1.4414e+11   3.7680e+00
1.4421e+11   3.7710e+00
1.4427e+11   3.7740e+00
1.4432e+11   3.7770e+00
1.4437e+11   3.7800e+00
1.4442e+11   3.7830e+00
1.4445e+11   3.7860e+00
1.4449e+11   3.7890e+00
1.4451e+11   3.7920e+00
1.4453e+11   3.7950e+00
1.4455e+11   3.7980e+00
1.4455e+11   3.8010e+00
1.4456e+11   3.8040e+00
1.4455e+11   3.8070e+00
1.4454e+11   3.8100e+00
1.4452e+11   3.8130e+00
1.4450e+11   3.8160e+00
1.4447e+11   3.8190e+00
1.4443e+11   3.8220e+00
1.4439e+11   3.8250e+00
1.4434e+11   3.8280e+00
1.4428e+11   3.8310e+00
1.4422e+11   3.8340e+00
1.4415e+11   3.8370e+00
1.4407e+11   3.8400e+00
1.4399e+11   3.8430e+00
1.4389e+11   3.8460e+00
1.4380e+11   3.8490e+00
1.4369e+11   3.8520e+00
1.4357e+11   3.8550e+00
1.4345e+11   3.8580e+00
1.4332e+11   3.8610e+00
1.4319e+11   3.8640e+00
1.4304e+11   3.8670e+00
1.4289e+11   3.8700e+00
1.4273e+11   3.8730e+00
1.4256e+11   3.8760e+00
1.4239e+11   3.8790e+00
1.4220e+11   3.8820e+00
1.4201e+11   3.8850e+00
1.4181e+11   3.8880e+00
1.4160e+11   3.8910e+00
1.4138e+11   3.8940e+00
1.4116e+11   3.8970e+00
1.4092e+11   3.9000e+00
1.4068e+11   3.9030e+00
1.4043e+11   3.9060e+00
1.4017e+11   3.9090e+00
1.3990e+11   3.9120e+00
1.3962e+11   3.9150e+00
1.3933e+11   3.9180e+00
1.3903e+11   3.9210e+00
1.3873e+11   3.9240e+00
1.3841e+11   3.9270e+00
1.3809e+11   3.9300e+00
1.3776e+11   3.9330e+00
1.3741e+11   3.9360e+00
1.3706e+11   3.9390e+00
1.3670e+11   3.9420e+00
1.3633e+11   3.9450e+00
1.3594e+11   3.9480e+00
1.3555e+11   3.9510e+00
1.3515e+11   3.9540e+00
1.3474e+11   3.9570e+00
1.3432e+11   3.9600e+00
1.3389e+11   3.9630e+00
1.3345e+11   3.9660e+00
1.3300e+11   3.9690e+00
1.3253e+11   3.9720e+00
1.3206e+11   3.9750e+00
1.3158e+11   3.9780e+00
1.3109e+11   3.9810e+00
1.3058e+11   3.9840e+00
1.3007e+11   3.9870e+00
1.2954e+11   3.9900e+00
1.2901e+11   3.9930e+00
1.2846e+11   3.9960e+00
1.2791e+11   3.9990e+00
1.2734e+11   4.0020e+00
1.2676e+11   4.0050e+00
1.2617e+11   4.0080e+00
1.2557e+11   4.0110e+00
1.2496e+11   4.0140e+00
1.2434e+11   4.0170e+00
1.2371e+11   4.0200e+00
1.2306e+11   4.0230e+00
1.2241e+11   4.0260e+00
1.2174e+11   4.0290e+00
1.2106e+11   4.0320e+00
1.2037e+11   4.0350e+00
1.1967e+11   4.0380e+00
1.1896e+11   4.0410e+00
1.1824e+11   4.0440e+00
1.1750e+11   4.0470e+00
1.1676e+11   4.0500e+00
1.1600e+11   4.0530e+00
1.1523e+11   4.0560e+00
1.1445e+11   4.0590e+00
1.1366e+11   4.0620e+00
1.1286e+11   4.0650e+00
1.1205e+11   4.0680e+00
1.1122e+11   4.0710e+00
1.1038e+11   4.0740e+00
1.0954e+11   4.0770e+00
1.0868e+11   4.0800e+00
1.0781e+11   4.0830e+00
1.0693e+11   4.0860e+00
1.0603e+11   4.0890e+00
1.0513e+11   4.0920e+00
1.0422e+11   4.0950e+00
1.0329e+11   4.0980e+00
1.0235e+11   4.1010e+00
1.0140e+11   4.1040e+00
1.0044e+11   4.1070e+00
9.9474e+10   4.1100e+00
9.8493e+10   4.1130e+00
9.7502e+10   4.1160e+00
9.6499e+10   4.1190e+00
9.5486e+10   4.1220e+00
9.4463e+10   4.1250e+00
9.3429e+10   4.1280e+00
9.2385e+10   4.1310e+00
9.1330e+10   4.1340e+00
9.0266e+10   4.1370e+00
8.9191e+10   4.1400e+00
8.8107e+10   4.1430e+00
8.7013e+10   4.1460e+00
8.5909e+10   4.1490e+00
8.4796e+10   4.1520e+00
8.3674e+10   4.1550e+00
8.2543e+10   4.1580e+00
8.1402e+10   4.1610e+00
8.0253e+10   4.1640e+00
7.9095e+10   4.1670e+00
7.7929e+10   4.1700e+00
7.6755e+10   4.1730e+00
7.5573e+10   4.1760e+00
7.4383e+10   4.1790e+00
7.3185e+10   4.1820e+00
7.1980e+10   4.1850e+00
7.0769e+10   4.1880e+00
6.9550e+10   4.1910e+00
6.8325e+10   4.1940e+00
6.7094e+10   4.1970e+00
6.5856e+10   4.2000e+00
6.4614e+10   4.2030e+00
6.3365e+10   4.2060e+00
6.2112e+10   4.2090e+00
6.0854e+10   4.2120e+00
5.9592e+10   4.2150e+00
5.8326e+10   4.2180e+00
5.7056e+10   4.2210e+00
5.5784e+10   4.2240e+00
5.4508e+10   4.2270e+00
5.3230e+10   4.2300e+00
5.1950e+10   4.2330e+00
5.0668e+10   4.2360e+00
4.9386e+10   4.2390e+00
4.8103e+10   4.2420e+00
4.6820e+10   4.2450e+00
4.5537e+10   4.2480e+00
4.4255e+10   4.2510e+00
4.2975e+10   4.2540e+00
4.1696e+10   4.2570e+00
4.0420e+10   4.2600e+00
3.9148e+10   4.2630e+00
3.7879e+10   4.2660e+00
3.6614e+10   4.2690e+00
3.5355e+10   4.2720e+00
3.4101e+10   4.2750e+00
3.2853e+10   4.2780e+00
3.1613e+10   4.2810e+00
3.0380e+10   4.2840e+00
2.9156e+10   4.2870e+00
2.7942e+10   4.2900e+00
2.6737e+10   4.2930e+00
2.5544e+10   4.2960e+00
2.4362e+10   4.2990e+00
2.3193e+10   4.3020e+00
2.2037e+10   4.3050e+00
2.0896e+10   4.3080e+00
1.9771e+10   4.3110e+00
1.8662e+10   4.3140e+00
1.7570e+10   4.3170e+00
1.6498e+10   4.3200e+00
1.5445e+10   4.3230e+00
1.4413e+10   4.3260e+00
1.3403e+10   4.3290e+00
1.2417e+10   4.3320e+00
1.1456e+10   4.3350e+00
1.0521e+10   4.3380e+00
9.6145e+09   4.3410e+00
8.7372e+09   4.3440e+00
7.8910e+09   4.3470e+00
7.0779e+09   4.3500e+00
6.2998e+09   4.3530e+00
5.5586e+09   4.3560e+00
4.8565e+09   4.3590e+00
4.1958e+09   4.3620e+00
3.5787e+09   4.3650e+00
3.0075e+09   4.3680e+00
2.4844e+09   4.3710e+00
2.0113e+09   4.3740e+00
1.5898e+09   4.3770e+00
1.2207e+09   4.3800e+00
9.0407e+08   4.3830e+00
6.3870e+08   4.3860e+00
4.2223e+08   4.3890e+00
2.5107e+08   4.3920e+00
1.2068e+08   4.3950e+00
2.3556e+07   4.3980e+00
