Dia: 2.0 m | Vel: 20.0 km/s | theta: 45.0 deg | Strength: 1.0e+05 Pa
Power (W)    Altitude (m)
8.3180e+08   9.9958e+04
8.3476e+08   9.9915e+04
8.3773e+08   9.9873e+04
8.4072e+08   9.9830e+04
8.4372e+08   9.9788e+04
8.4673e+08   9.9745e+04
8.4975e+08   9.9703e+04
8.5278e+08   9.9661e+04
8.5582e+08   9.9618e+04
8.5888e+08   9.9576e+04
8.6195e+08   9.9533e+04
8.6502e+08   9.9491e+04
8.6812e+08   9.9448e+04
8.7122e+08   9.9406e+04
8.7433e+08   9.9364e+04
8.7746e+08   9.9321e+04
8.8060e+08   9.9279e+04
8.8375e+08   9.9236e+04
8.8691e+08   9.9194e+04
8.9009e+08   9.9152e+04
8.9327e+08   9.9109e+04
8.9647e+08   9.9067e+04
8.9969e+08   9.9024e+04
9.0291e+08   9.8982e+04
9.0615e+08   9.8939e+04
9.0940e+08   9.8897e+04
9.1266e+08   9.8855e+04
9.1593e+08   9.8812e+04
9.1922e+08   9.8770e+04
9.2252e+08   9.8727e+04
9.2583e+08   9.8685e+04
9.2916e+08   9.8642e+04
9.3250e+08   9.8600e+04
9.3585e+08   9.8558e+04
9.3921e+08   9.8515e+04
9.4259e+08   9.8473e+04
9.4598e+08   9.8430e+04
9.4938e+08   9.8388e+04
9.5280e+08   9.8346e+04
9.5623e+08   9.8303e+04
9.5967e+08   9.8261e+04
9.6313e+08   9.8218e+04
9.6660e+08   9.8176e+04
9.7008e+08   9.8133e+04
9.7358e+08   9.8091e+04
9.7709e+08   9.8049e+04
9.8061e+08   9.8006e+04
9.8415e+08   9.7964e+04
9.8770e+08   9.7921e+04
9.9127e+08   9.7879e+04
9.9485e+08   9.7837e+04
9.9844e+08   9.7794e+04
1.0020e+09   9.7752e+04
1.0057e+09   9.7709e+04
1.0093e+09   9.7667e+04
1.0130e+09   9.7625e+04
1.0166e+09   9.7582e+04
1.0203e+09   9.7540e+04
1.0240e+09   9.7497e+04
1.0277e+09   9.7455e+04
1.0314e+09   9.7412e+04
1.0351e+09   9.7370e+04
1.0389e+09   9.7328e+04
1.0427e+09   9.7285e+04
1.0464e+09   9.7243e+04
1.0502e+09   9.7200e+04
1.0540e+09   9.7158e+04
1.0579e+09   9.7116e+04
1.0617e+09   9.7073e+04
1.0656e+09   9.7031e+04
1.0694e+09   9.6988e+04
1.0733e+09   9.6946e+04
1.0772e+09   9.6904e+04
1.0811e+09   9.6861e+04
1.0851e+09   9.6819e+04
1.0890e+09   9.6776e+04
1.0930e+09   9.6734e+04
1.0969e+09   9.6692e+04
1.1009e+09   9.6649e+04
1.1049e+09   9.6607e+04
1.1090e+09   9.6564e+04
1.1130e+09   9.6522e+04
1.1170e+09   9.6479e+04
1.1211e+09   9.6437e+04
1.1252e+09   9.6395e+04
1.1293e+09   9.6352e+04
1.1334e+09   9.6310e+04
1.1376e+09   9.6267e+04
1.1417e+09   9.6225e+04
1.1459e+09   9.6183e+04
1.1501e+09   9.6140e+04
1.1543e+09   9.6098e+04
1.1585e+09   9.6055e+04
1.1627e+09   9.6013e+04
1.1670e+09   9.5971e+04
1.1712e+09   9.5928e+04
1.1755e+09   9.5886e+04
1.1798e+09   9.5843e+04
1.1841e+09   9.5801e+04
1.1885e+09   9.5759e+04
1.1928e+09   9.5716e+04
1.1972e+09   9.5674e+04
1.2016e+09   9.5631e+04
1.2060e+09   9.5589e+04
1.2104e+09   9.5547e+04
1.2148e+09   9.5504e+04
1.2193e+09   9.5462e+04
1.2237e+09   9.5419e+04
1.2282e+09   9.5377e+04
1.2327e+09   9.5335e+04
1.2373e+09   9.5292e+04
1.2418e+09   9.5250e+04
1.2464e+09   9.5207e+04
1.2509e+09   9.5165e+04
1.2555e+09   9.5123e+04
1.2602e+09   9.5080e+04
1.2648e+09   9.5038e+04
1.2694e+09   9.4995e+04
1.2741e+09   9.4953e+04
1.2788e+09   9.4911e+04
1.2835e+09   9.4868e+04
1.2882e+09   9.4826e+04
1.2930e+09   9.4784e+04
1.2977e+09   9.4741e+04
1.3025e+09   9.4699e+04
1.3073e+09   9.4656e+04
1.3122e+09   9.4614e+04
1.3170e+09   9.4572e+04
1.3219e+09   9.4529e+04
1.3267e+09   9.4487e+04
1.3316e+09   9.4444e+04
1.3365e+09   9.4402e+04
1.3415e+09   9.4360e+04
1.3464e+09   9.4317e+04
1.3514e+09   9.4275e+04
1.3564e+09   9.4232e+04
1.3614e+09   9.4190e+04
1.3665e+09   9.4148e+04
1.3715e+09   9.4105e+04
1.3766e+09   9.4063e+04
1.3817e+09   9.4020e+04
1.3868e+09   9.3978e+04
1.3919e+09   9.3936e+04
1.3971e+09   9.3893e+04
1.4023e+09   9.3851e+04
1.4075e+09   9.3809e+04
1.4127e+09   9.3766e+04
1.4179e+09   9.3724e+04
1.4232e+09   9.3681e+04
1.4285e+09   9.3639e+04
1.4338e+09   9.3597e+04
1.4391e+09   9.3554e+04
1.4444e+09   9.3512e+04
1.4498e+09   9.3469e+04
1.4552e+09   9.3427e+04
1.4606e+09   9.3385e+04
1.4660e+09   9.3342e+04
1.4715e+09   9.3300e+04
1.4770e+09   9.3257e+04
1.4825e+09   9.3215e+04
1.4880e+09   9.3173e+04
1.4935e+09   9.3130e+04
1.4991e+09   9.3088e+04
1.5047e+09   9.3046e+04
1.5103e+09   9.3003e+04
1.5159e+09   9.2961e+04
1.5216e+09   9.2918e+04
1.5272e+09   9.2876e+04
1.5329e+09   9.2834e+04
1.5386e+09   9.2791e+04
1.5444e+09   9.2749e+04
1.5502e+09   9.2706e+04
1.5559e+09   9.2664e+04
1.5618e+09   9.2622e+04
1.5676e+09   9.2579e+04
1.5735e+09   9.2537e+04
1.5793e+09   9.2495e+04
1.5852e+09   9.2452e+04
1.5912e+09   9.2410e+04
1.5971e+09   9.2367e+04
1.6031e+09   9.2325e+04
1.6091e+09   9.2283e+04
1.6151e+09   9.2240e+04
1.6212e+09   9.2198e+04
1.6273e+09   9.2156e+04
1.6334e+09   9.2113e+04
1.6395e+09   9.2071e+04
1.6456e+09   9.2028e+04
1.6518e+09   9.1986e+04
1.6580e+09   9.1944e+04
1.6642e+09   9.1901e+04
1.6705e+09   9.1859e+04
1.6768e+09   9.1817e+04
1.6831e+09   9.1774e+04
1.6894e+09   9.1732e+04
1.6957e+09   9.1689e+04
1.7021e+09   9.1647e+04
1.7085e+09   9.1605e+04
1.7149e+09   9.1562e+04
1.7214e+09   9.1520e+04
1.7279e+09   9.1478e+04
1.7344e+09   9.1435e+04
1.7409e+09   9.1393e+04
1.7475e+09   9.1350e+04
1.7541e+09   9.1308e+04
1.7607e+09   9.1266e+04
1.7673e+09   9.1223e+04
1.7740e+09   9.1181e+04
1.7807e+09   9.1139e+04
1.7874e+09   9.1096e+04
1.7941e+09   9.1054e+04
1.8009e+09   9.1011e+04
1.8077e+09   9.0969e+04
1.8145e+09   9.0927e+04
1.8214e+09   9.0884e+04
1.8283e+09   9.0842e+04
1.8352e+09   9.0800e+04
1.8421e+09   9.0757e+04
1.8491e+09   9.0715e+04
1.8561e+09   9.0672e+04
1.8631e+09   9.0630e+04
1.8702e+09   9.0588e+04
1.8773e+09   9.0545e+04
1.8844e+09   9.0503e+04
1.8915e+09   9.0461e+04
1.8987e+09   9.0418e+04
1.9059e+09   9.0376e+04
1.9131e+09   9.0334e+04
1.9204e+09   9.0291e+04
1.9277e+09   9.0249e+04
1.9350e+09   9.0206e+04
1.9423e+09   9.0164e+04
1.9497e+09   9.0122e+04
1.9571e+09   9.0079e+04
1.9645e+09   9.0037e+04
1.9720e+09   8.9995e+04
1.9795e+09   8.9952e+04
1.9870e+09   8.9910e+04
1.9946e+09   8.9867e+04
2.0022e+09   8.9825e+04
2.0098e+09   8.9783e+04
2.0175e+09   8.9740e+04
2.0252e+09   8.9698e+04
2.0329e+09   8.9656e+04
2.0406e+09   8.9613e+04
2.0484e+09   8.9571e+04
2.0562e+09   8.9529e+04
2.0640e+09   8.9486e+04
2.0719e+09   8.9444e+04
2.0798e+09   8.9402e+04
2.0878e+09   8.9359e+04
2.0957e+09   8.9317e+04
2.1037e+09   8.9274e+04
2.1118e+09   8.9232e+04
2.1199e+09   8.9190e+04
2.1280e+09   8.9147e+04
2.1361e+09   8.9105e+04
2.1443e+09   8.9063e+04
2.1525e+09   8.9020e+04
2.1607e+09   8.8978e+04
2.1690e+09   8.8936e+04
2.1773e+09   8.8893e+04
2.1856e+09   8.8851e+04
2.1940e+09   8.8808e+04
2.2024e+09   8.8766e+04
2.2108e+09   8.8724e+04
2.2193e+09   8.8681e+04
2.2278e+09   8.8639e+04
2.2364e+09   8.8597e+04
2.2450e+09   8.8554e+04
2.2536e+09   8.8512e+04
2.2622e+09   8.8470e+04
2.2709e+09   8.8427e+04
2.2797e+09   8.8385e+04
2.2884e+09   8.8343e+04
2.2972e+09   8.8300e+04
2.3060e+09   8.8258e+04
2.3149e+09   8.8215e+04
2.3238e+09   8.8173e+04
2.3328e+09   8.8131e+04
2.3417e+09   8.8088e+04
2.3508e+09   8.8046e+04
2.3598e+09   8.8004e+04
2.3689e+09   8.7961e+04
2.3780e+09   8.7919e+04
2.3872e+09   8.7877e+04
2.3964e+09   8.7834e+04
2.4057e+09   8.7792e+04
2.4149e+09   8.7750e+04
2.4243e+09   8.7707e+04
2.4336e+09   8.7665e+04
2.4430e+09   8.7623e+04
2.4525e+09   8.7580e+04
2.4619e+09   8.7538e+04
2.4714e+09   8.7496e+04
2.4810e+09   8.7453e+04
2.4906e+09   8.7411e+04
2.5002e+09   8.7368e+04
2.5099e+09   8.7326e+04
2.5196e+09   8.7284e+04
2.5294e+09   8.7241e+04
2.5392e+09   8.7199e+04
2.5490e+09   8.7157e+04
2.5589e+09   8.7114e+04
2.5688e+09   8.7072e+04
2.5787e+09   8.7030e+04
2.5887e+09   8.6987e+04
2.5988e+09   8.6945e+04
2.6089e+09   8.6903e+04
2.6190e+09   8.6860e+04
2.6292e+09   8.6818e+04
2.6394e+09   8.6776e+04
2.6496e+09   8.6733e+04
2.6599e+09   8.6691e+04
2.6703e+09   8.6649e+04
2.6806e+09   8.6606e+04
2.6911e+09   8.6564e+04
2.7015e+09   8.6522e+04
2.7120e+09   8.6479e+04
2.7226e+09   8.6437e+04
2.7332e+09   8.6395e+04
2.7438e+09   8.6352e+04
2.7545e+09   8.6310e+04
2.7653e+09   8.6267e+04
2.7760e+09   8.6225e+04
2.7869e+09   8.6183e+04
2.7977e+09   8.6140e+04
2.8086e+09   8.6098e+04
2.8196e+09   8.6056e+04
2.8306e+09   8.6013e+04
2.8417e+09   8.5971e+04
2.8528e+09   8.5929e+04
2.8639e+09   8.5886e+04
2.8751e+09   8.5844e+04
2.8863e+09   8.5802e+04
2.8976e+09   8.5759e+04
2.9089e+09   8.5717e+04
2.9203e+09   8.5675e+04
2.9317e+09   8.5632e+04
2.9432e+09   8.5590e+04
2.9547e+09   8.5548e+04
2.9663e+09   8.5505e+04
2.9779e+09   8.5463e+04
2.9896e+09   8.5421e+04
3.0013e+09   8.5378e+04
3.0131e+09   8.5336e+04
3.0249e+09   8.5294e+04
3.0368e+09   8.5251e+04
3.0487e+09   8.5209e+04
3.0606e+09   8.5167e+04
3.0727e+09   8.5124e+04
3.0847e+09   8.5082e+04
3.0968e+09   8.5040e+04
3.1090e+09   8.4997e+04
3.1212e+09   8.4955e+04
3.1335e+09   8.4913e+04
3.1458e+09   8.4870e+04
3.1582e+09   8.4828e+04
3.1706e+09   8.4786e+04
3.1831e+09   8.4743e+04
3.1956e+09   8.4701e+04
3.2082e+09   8.4659e+04
3.2209e+09   8.4616e+04
3.2336e+09   8.4574e+04
3.2463e+09   8.4532e+04
3.2591e+09   8.4489e+04
3.2719e+09   8.4447e+04
3.2849e+09   8.4405e+04
3.2978e+09   8.4362e+04
3.3108e+09   8.4320e+04
3.3239e+09   8.4278e+04
3.3370e+09   8.4235e+04
3.3502e+09   8.4193e+04
3.3634e+09   8.4151e+04
3.3767e+09   8.4108e+04
3.3901e+09   8.4066e+04
3.4035e+09   8.4024e+04
3.4170e+09   8.3981e+04
3.4305e+09   8.3939e+04
3.4440e+09   8.3897e+04
3.4577e+09   8.3854e+04
3.4714e+09   8.3812e+04
3.4851e+09   8.3770e+04
3.4989e+09   8.3727e+04
3.5128e+09   8.3685e+04
3.5267e+09   8.3643e+04
3.5407e+09   8.3600e+04
3.5548e+09   8.3558e+04
3.5689e+09   8.3516e+04
3.5830e+09   8.3473e+04
3.5972e+09   8.3431e+04
3.6115e+09   8.3389e+04
3.6259e+09   8.3347e+04
3.6403e+09   8.3304e+04
3.6547e+09   8.3262e+04
3.6693e+09   8.3220e+04
3.6839e+09   8.3177e+04
3.6985e+09   8.3135e+04
3.7132e+09   8.3093e+04
3.7280e+09   8.3050e+04
3.7429e+09   8.3008e+04
3.7578e+09   8.2966e+04
3.7727e+09   8.2923e+04
3.7878e+09   8.2881e+04
3.8028e+09   8.2839e+04
3.8180e+09   8.2796e+04
3.8332e+09   8.2754e+04
3.8485e+09   8.2712e+04
3.8639e+09   8.2669e+04
3.8793e+09   8.2627e+04
3.8948e+09   8.2585e+04
3.9103e+09   8.2542e+04
3.9259e+09   8.2500e+04
3.9416e+09   8.2458e+04
3.9574e+09   8.2415e+04
3.9732e+09   8.2373e+04
3.9891e+09   8.2331e+04
4.0050e+09   8.2289e+04
4.0211e+09   8.2246e+04
4.0372e+09   8.2204e+04
4.0533e+09   8.2162e+04
4.0695e+09   8.2119e+04
4.0858e+09   8.2077e+04
4.1022e+09   8.2035e+04
4.1187e+09   8.1992e+04
4.1352e+09   8.1950e+04
4.1517e+09   8.1908e+04
4.1684e+09   8.1865e+04
4.1851e+09   8.1823e+04
4.2019e+09   8.1781e+04
4.2188e+09   8.1738e+04
4.2357e+09   8.1696e+04
4.2527e+09   8.1654e+04
4.2698e+09   8.1611e+04
4.2870e+09   8.1569e+04
4.3042e+09   8.1527e+04
4.3215e+09   8.1485e+04
4.3389e+09   8.1442e+04
4.3563e+09   8.1400e+04
4.3739e+09   8.1358e+04
4.3915e+09   8.1315e+04
4.4091e+09   8.1273e+04
4.4269e+09   8.1231e+04
4.4447e+09   8.1188e+04
4.4626e+09   8.1146e+04
4.4806e+09   8.1104e+04
4.4987e+09   8.1061e+04
4.5168e+09   8.1019e+04
4.5350e+09   8.0977e+04
4.5533e+09   8.0934e+04
4.5717e+09   8.0892e+04
4.5902e+09   8.0850e+04
4.6087e+09   8.0808e+04
4.6273e+09   8.0765e+04
4.6460e+09   8.0723e+04
4.6648e+09   8.0681e+04
4.6836e+09   8.0638e+04
4.7026e+09   8.0596e+04
4.7216e+09   8.0554e+04
4.7407e+09   8.0511e+04
4.7599e+09   8.0469e+04
4.7792e+09   8.0427e+04
4.7985e+09   8.0385e+04
4.8179e+09   8.0342e+04
4.8375e+09   8.0300e+04
4.8571e+09   8.0258e+04
4.8768e+09   8.0215e+04
4.8965e+09   8.0173e+04
4.9164e+09   8.0131e+04
4.9363e+09   8.0088e+04
4.9564e+09   8.0046e+04
4.9765e+09   8.0004e+04
4.9967e+09   7.9961e+04
5.0170e+09   7.9919e+04
5.0373e+09   7.9877e+04
5.0578e+09   7.9835e+04
5.0784e+09   7.9792e+04
5.0990e+09   7.9750e+04
5.1197e+09   7.9708e+04
5.1406e+09   7.9665e+04
5.1615e+09   7.9623e+04
5.1825e+09   7.9581e+04
5.2036e+09   7.9538e+04
5.2248e+09   7.9496e+04
5.2461e+09   7.9454e+04
5.2674e+09   7.9412e+04
5.2889e+09   7.9369e+04
5.3105e+09   7.9327e+04
5.3321e+09   7.9285e+04
5.3539e+09   7.9242e+04
5.3757e+09   7.9200e+04
5.3976e+09   7.9158e+04
5.4197e+09   7.9115e+04
5.4418e+09   7.9073e+04
5.4640e+09   7.9031e+04
5.4863e+09   7.8989e+04
5.5087e+09   7.8946e+04
5.5313e+09   7.8904e+04
5.5539e+09   7.8862e+04
5.5766e+09   7.8819e+04
5.5994e+09   7.8777e+04
5.6223e+09   7.8735e+04
5.6453e+09   7.8693e+04
5.6684e+09   7.8650e+04
5.6916e+09   7.8608e+04
5.7149e+09   7.8566e+04
5.7384e+09   7.8523e+04
5.7619e+09   7.8481e+04
5.7855e+09   7.8439e+04
5.8092e+09   7.8396e+04
5.8330e+09   7.8354e+04
5.8570e+09   7.8312e+04
5.8810e+09   7.8270e+04
5.9051e+09   7.8227e+04
5.9294e+09   7.8185e+04
5.9537e+09   7.8143e+04
5.9782e+09   7.8100e+04
6.0028e+09   7.8058e+04
6.0274e+09   7.8016e+04
6.0522e+09   7.7974e+04
6.0771e+09   7.7931e+04
6.1021e+09   7.7889e+04
6.1272e+09   7.7847e+04
6.1524e+09   7.7804e+04
6.1777e+09   7.7762e+04
6.2032e+09   7.7720e+04
6.2287e+09   7.7678e+04
6.2544e+09   7.7635e+04
6.2801e+09   7.7593e+04
6.3060e+09   7.7551e+04
6.3320e+09   7.7508e+04
6.3581e+09   7.7466e+04
6.3844e+09   7.7424e+04
6.4107e+09   7.7382e+04
6.4372e+09   7.7339e+04
6.4637e+09   7.7297e+04
6.4904e+09   7.7255e+04
6.5172e+09   7.7212e+04
6.5441e+09   7.7170e+04
6.5712e+09   7.7128e+04
6.5983e+09   7.7086e+04
6.6256e+09   7.7043e+04
6.6530e+09   7.7001e+04
6.6805e+09   7.6959e+04
6.7082e+09   7.6916e+04
6.7360e+09   7.6874e+04
6.7638e+09   7.6832e+04
6.7918e+09   7.6790e+04
6.8200e+09   7.6747e+04
6.8482e+09   7.6705e+04
6.8766e+09   7.6663e+04
6.9051e+09   7.6620e+04
6.9337e+09   7.6578e+04
6.9625e+09   7.6536e+04
6.9914e+09   7.6494e+04
7.0204e+09   7.6451e+04
7.0495e+09   7.6409e+04
7.0788e+09   7.6367e+04
7.1082e+09   7.6324e+04
7.1377e+09   7.6282e+04
7.1674e+09   7.6240e+04
7.1971e+09   7.6198e+04
7.2271e+09   7.6155e+04
7.2571e+09   7.6113e+04
7.2873e+09   7.6071e+04
7.3176e+09   7.6029e+04
7.3480e+09   7.5986e+04
7.3786e+09   7.5944e+04
7.4093e+09   7.5902e+04
7.4402e+09   7.5859e+04
7.4712e+09   7.5817e+04
7.5023e+09   7.5775e+04
7.5336e+09   7.5733e+04
7.5650e+09   7.5690e+04
7.5965e+09   7.5648e+04
7.6282e+09   7.5606e+04
7.6600e+09   7.5564e+04
7.6920e+09   7.5521e+04
7.7241e+09   7.5479e+04
7.7563e+09   7.5437e+04
7.7887e+09   7.5394e+04
7.8212e+09   7.5352e+04
7.8539e+09   7.5310e+04
7.8867e+09   7.5268e+04
7.9197e+09   7.5225e+04
7.9528e+09   7.5183e+04
7.9860e+09   7.5141e+04
8.0194e+09   7.5099e+04
8.0530e+09   7.5056e+04
8.0867e+09   7.5014e+04
8.1205e+09   7.4972e+04
8.1545e+09   7.4929e+04
8.1887e+09   7.4887e+04
8.2230e+09   7.4845e+04
8.2574e+09   7.4803e+04
8.2920e+09   7.4760e+04
8.3268e+09   7.4718e+04
8.3617e+09   7.4676e+04
8.3968e+09   7.4634e+04
8.4320e+09   7.4591e+04
8.4674e+09   7.4549e+04
8.5029e+09   7.4507e+04
8.5386e+09   7.4465e+04
8.5744e+09   7.4422e+04
8.6105e+09   7.4380e+04
8.6466e+09   7.4338e+04
8.6830e+09   7.4295e+04
8.7195e+09   7.4253e+04
8.7561e+09   7.4211e+04
8.7929e+09   7.4169e+04
8.8299e+09   7.4126e+04
8.8671e+09   7.4084e+04
8.9044e+09   7.4042e+04
8.9418e+09   7.4000e+04
8.9795e+09   7.3957e+04
9.0173e+09   7.3915e+04
9.0553e+09   7.3873e+04
9.0934e+09   7.3831e+04
9.1317e+09   7.3788e+04
9.1702e+09   7.3746e+04
9.2089e+09   7.3704e+04
9.2477e+09   7.3661e+04
9.2867e+09   7.3619e+04
9.3259e+09   7.3577e+04
9.3653e+09   7.3535e+04
9.4048e+09   7.3492e+04
9.4445e+09   7.3450e+04
9.4844e+09   7.3408e+04
9.5244e+09   7.3366e+04
9.5647e+09   7.3323e+04
9.6051e+09   7.3281e+04
9.6457e+09   7.3239e+04
9.6865e+09   7.3197e+04
9.7274e+09   7.3154e+04
9.7686e+09   7.3112e+04
9.8099e+09   7.3070e+04
9.8514e+09   7.3028e+04
9.8931e+09   7.2985e+04
9.9350e+09   7.2943e+04
9.9770e+09   7.2901e+04
1.0019e+10   7.2859e+04
1.0062e+10   7.2816e+04
1.0104e+10   7.2774e+04
1.0147e+10   7.2732e+04
1.0190e+10   7.2690e+04
1.0233e+10   7.2647e+04
1.0277e+10   7.2605e+04
1.0320e+10   7.2563e+04
1.0364e+10   7.2521e+04
1.0408e+10   7.2478e+04
1.0452e+10   7.2436e+04
1.0497e+10   7.2394e+04
1.0541e+10   7.2352e+04
1.0586e+10   7.2309e+04
1.0631e+10   7.2267e+04
1.0676e+10   7.2225e+04
1.0722e+10   7.2183e+04
1.0767e+10   7.2140e+04
1.0813e+10   7.2098e+04
1.0859e+10   7.2056e+04
1.0905e+10   7.2014e+04
1.0952e+10   7.1971e+04
1.0998e+10   7.1929e+04
1.1045e+10   7.1887e+04
1.1092e+10   7.1845e+04
1.1139e+10   7.1802e+04
1.1187e+10   7.1760e+04
1.1234e+10   7.1718e+04
1.1282e+10   7.1676e+04
1.1330e+10   7.1633e+04
1.1379e+10   7.1591e+04
1.1427e+10   7.1549e+04
1.1476e+10   7.1507e+04
1.1525e+10   7.1464e+04
1.1574e+10   7.1422e+04
1.1623e+10   7.1380e+04
1.1673e+10   7.1338e+04
1.1723e+10   7.1295e+04
1.1773e+10   7.1253e+04
1.1823e+10   7.1211e+04
1.1874e+10   7.1169e+04
1.1924e+10   7.1126e+04
1.1975e+10   7.1084e+04
1.2027e+10   7.1042e+04
1.2078e+10   7.1000e+04
1.2130e+10   7.0957e+04
1.2182e+10   7.0915e+04
1.2234e+10   7.0873e+04
1.2286e+10   7.0831e+04
1.2339e+10   7.0788e+04
1.2391e+10   7.0746e+04
1.2444e+10   7.0704e+04
1.2498e+10   7.0662e+04
1.2551e+10   7.0619e+04
1.2605e+10   7.0577e+04
1.2659e+10   7.0535e+04
1.2713e+10   7.0493e+04
1.2768e+10   7.0450e+04
1.2823e+10   7.0408e+04
1.2878e+10   7.0366e+04
1.2933e+10   7.0324e+04
1.2988e+10   7.0282e+04
1.3044e+10   7.0239e+04
1.3100e+10   7.0197e+04
1.3156e+10   7.0155e+04
1.3213e+10   7.0113e+04
1.3269e+10   7.0070e+04
1.3326e+10   7.0028e+04
1.3384e+10   6.9986e+04
1.3441e+10   6.9944e+04
1.3499e+10   6.9901e+04
1.3557e+10   6.9859e+04
1.3615e+10   6.9817e+04
1.3674e+10   6.9775e+04
1.3733e+10   6.9732e+04
1.3792e+10   6.9690e+04
1.3851e+10   6.9648e+04
1.3911e+10   6.9606e+04
1.3971e+10   6.9563e+04
1.4031e+10   6.9521e+04
1.4091e+10   6.9479e+04
1.4152e+10   6.9437e+04
1.4213e+10   6.9395e+04
1.4274e+10   6.9352e+04
1.4335e+10   6.9310e+04
1.4397e+10   6.9268e+04
1.4459e+10   6.9226e+04
1.4522e+10   6.9183e+04
1.4584e+10   6.9141e+04
1.4647e+10   6.9099e+04
1.4710e+10   6.9057e+04
1.4774e+10   6.9014e+04
1.4837e+10   6.8972e+04
1.4902e+10   6.8930e+04
1.4966e+10   6.8888e+04
1.5030e+10   6.8846e+04
1.5095e+10   6.8803e+04
1.5161e+10   6.8761e+04
1.5226e+10   6.8719e+04
1.5292e+10   6.8677e+04
1.5358e+10   6.8634e+04
1.5424e+10   6.8592e+04
1.5491e+10   6.8550e+04
1.5558e+10   6.8508e+04
1.5625e+10   6.8466e+04
1.5693e+10   6.8423e+04
1.5761e+10   6.8381e+04
1.5829e+10   6.8339e+04
1.5897e+10   6.8297e+04
1.5966e+10   6.8254e+04
1.6035e+10   6.8212e+04
1.6104e+10   6.8170e+04
1.6174e+10   6.8128e+04
1.6244e+10   6.8086e+04
1.6315e+10   6.8043e+04
1.6385e+10   6.8001e+04
1.6456e+10   6.7959e+04
1.6528e+10   6.7917e+04
1.6599e+10   6.7874e+04
1.6671e+10   6.7832e+04
1.6743e+10   6.7790e+04
1.6816e+10   6.7748e+04
1.6889e+10   6.7706e+04
1.6962e+10   6.7663e+04
1.7036e+10   6.7621e+04
1.7109e+10   6.7579e+04
1.7184e+10   6.7537e+04
1.7258e+10   6.7494e+04
1.7333e+10   6.7452e+04
1.7408e+10   6.7410e+04
1.7484e+10   6.7368e+04
1.7560e+10   6.7326e+04
1.7636e+10   6.7283e+04
1.7713e+10   6.7241e+04
1.7790e+10   6.7199e+04
1.7867e+10   6.7157e+04
1.7944e+10   6.7114e+04
1.8022e+10   6.7072e+04
1.8101e+10   6.7030e+04
1.8179e+10   6.6988e+04
1.8258e+10   6.6946e+04
1.8338e+10   6.6903e+04
1.8418e+10   6.6861e+04
1.8498e+10   6.6819e+04
1.8578e+10   6.6777e+04
1.8659e+10   6.6735e+04
1.8740e+10   6.6692e+04
1.8822e+10   6.6650e+04
1.8903e+10   6.6608e+04
1.8986e+10   6.6566e+04
1.9068e+10   6.6523e+04
1.9151e+10   6.6481e+04
1.9235e+10   6.6439e+04
1.9318e+10   6.6397e+04
1.9403e+10   6.6355e+04
1.9487e+10   6.6312e+04
1.9572e+10   6.6270e+04
1.9657e+10   6.6228e+04
1.9743e+10   6.6186e+04
1.9829e+10   6.6144e+04
1.9915e+10   6.6101e+04
2.0002e+10   6.6059e+04
2.0089e+10   6.6017e+04
2.0177e+10   6.5975e+04
2.0265e+10   6.5933e+04
2.0353e+10   6.5890e+04
2.0442e+10   6.5848e+04
2.0531e+10   6.5806e+04
2.0620e+10   6.5764e+04
2.0710e+10   6.5722e+04
2.0801e+10   6.5679e+04
2.0891e+10   6.5637e+04
2.0982e+10   6.5595e+04
2.1074e+10   6.5553e+04
2.1166e+10   6.5510e+04
2.1258e+10   6.5468e+04
2.1351e+10   6.5426e+04
2.1444e+10   6.5384e+04
2.1538e+10   6.5342e+04
2.1632e+10   6.5299e+04
2.1726e+10   6.5257e+04
2.1821e+10   6.5215e+04
2.1916e+10   6.5173e+04
2.2012e+10   6.5131e+04
2.2108e+10   6.5088e+04
2.2205e+10   6.5046e+04
2.2302e+10   6.5004e+04
2.2399e+10   6.4962e+04
2.2497e+10   6.4920e+04
2.2595e+10   6.4877e+04
2.2694e+10   6.4835e+04
2.2793e+10   6.4793e+04
2.2893e+10   6.4751e+04
2.2993e+10   6.4709e+04
2.3093e+10   6.4666e+04
2.3194e+10   6.4624e+04
2.3295e+10   6.4582e+04
2.3397e+10   6.4540e+04
2.3499e+10   6.4498e+04
2.3602e+10   6.4455e+04
2.3705e+10   6.4413e+04
2.3809e+10   6.4371e+04
2.3913e+10   6.4329e+04
2.4018e+10   6.4287e+04
2.4123e+10   6.4244e+04
2.4228e+10   6.4202e+04
2.4334e+10   6.4160e+04
2.4440e+10   6.4118e+04
2.4547e+10   6.4076e+04
2.4655e+10   6.4034e+04
2.4762e+10   6.3991e+04
2.4871e+10   6.3949e+04
2.4979e+10   6.3907e+04
2.5089e+10   6.3865e+04
2.5198e+10   6.3823e+04
2.5309e+10   6.3780e+04
2.5419e+10   6.3738e+04
2.5531e+10   6.3696e+04
2.5642e+10   6.3654e+04
2.5754e+10   6.3612e+04
2.5867e+10   6.3569e+04
2.5980e+10   6.3527e+04
2.6094e+10   6.3485e+04
2.6208e+10   6.3443e+04
2.6323e+10   6.3401e+04
2.6438e+10   6.3358e+04
2.6554e+10   6.3316e+04
2.6670e+10   6.3274e+04
2.6786e+10   6.3232e+04
2.6904e+10   6.3190e+04
2.7021e+10   6.3148e+04
2.7139e+10   6.3105e+04
2.7258e+10   6.3063e+04
2.7377e+10   6.3021e+04
2.7497e+10   6.2979e+04
2.7618e+10   6.2937e+04
2.7738e+10   6.2894e+04
2.7860e+10   6.2852e+04
2.7982e+10   6.2810e+04
2.8104e+10   6.2768e+04
2.8227e+10   6.2726e+04
2.8350e+10   6.2684e+04
2.8474e+10   6.2641e+04
2.8599e+10   6.2599e+04
2.8724e+10   6.2557e+04
2.8850e+10   6.2515e+04
2.8976e+10   6.2473e+04
2.9103e+10   6.2430e+04
2.9230e+10   6.2388e+04
2.9358e+10   6.2346e+04
2.9486e+10   6.2304e+04
2.9615e+10   6.2262e+04
2.9745e+10   6.2220e+04
2.9875e+10   6.2177e+04
3.0005e+10   6.2135e+04
3.0137e+10   6.2093e+04
3.0268e+10   6.2051e+04
3.0401e+10   6.2009e+04
3.0534e+10   6.1966e+04
3.0667e+10   6.1924e+04
3.0801e+10   6.1882e+04
3.0936e+10   6.1840e+04
3.1071e+10   6.1798e+04
3.1207e+10   6.1756e+04
3.1343e+10   6.1713e+04
3.1480e+10   6.1671e+04
3.1618e+10   6.1629e+04
3.1756e+10   6.1587e+04
3.1895e+10   6.1545e+04
3.2034e+10   6.1503e+04
3.2174e+10   6.1460e+04
3.2314e+10   6.1418e+04
3.2456e+10   6.1376e+04
3.2597e+10   6.1334e+04
3.2740e+10   6.1292e+04
3.2883e+10   6.1250e+04
3.3026e+10   6.1207e+04
3.3170e+10   6.1165e+04
3.3315e+10   6.1123e+04
3.3461e+10   6.1081e+04
3.3607e+10   6.1039e+04
3.3753e+10   6.0996e+04
3.3900e+10   6.0954e+04
3.4048e+10   6.0912e+04
3.4197e+10   6.0870e+04
3.4346e+10   6.0828e+04
3.4496e+10   6.0786e+04
3.4646e+10   6.0743e+04
3.4797e+10   6.0701e+04
3.4949e+10   6.0659e+04
3.5101e+10   6.0617e+04
3.5254e+10   6.0575e+04
3.5408e+10   6.0533e+04
3.5562e+10   6.0490e+04
3.5717e+10   6.0448e+04
3.5873e+10   6.0406e+04
3.6029e+10   6.0364e+04
3.6186e+10   6.0322e+04
3.6343e+10   6.0280e+04
3.6502e+10   6.0237e+04
3.6660e+10   6.0195e+04
3.6820e+10   6.0153e+04
3.6980e+10   6.0111e+04
3.7141e+10   6.0069e+04
3.7302e+10   6.0027e+04
3.7465e+10   5.9985e+04
3.7628e+10   5.9942e+04
3.7791e+10   5.9900e+04
3.7955e+10   5.9858e+04
3.8120e+10   5.9816e+04
3.8286e+10   5.9774e+04
3.8452e+10   5.9732e+04
3.8619e+10   5.9689e+04
3.8787e+10   5.9647e+04
3.8955e+10   5.9605e+04
3.9124e+10   5.9563e+04
3.9294e+10   5.9521e+04
3.9464e+10   5.9479e+04
3.9635e+10   5.9436e+04
3.9807e+10   5.9394e+04
3.9980e+10   5.9352e+04
4.0153e+10   5.9310e+04
4.0327e+10   5.9268e+04
4.0502e+10   5.9226e+04
4.0677e+10   5.9184e+04
4.0853e+10   5.9141e+04
4.1030e+10   5.9099e+04
4.1208e+10   5.9057e+04
4.1386e+10   5.9015e+04
4.1565e+10   5.8973e+04
4.1745e+10   5.8931e+04
4.1925e+10   5.8888e+04
4.2106e+10   5.8846e+04
4.2288e+10   5.8804e+04
4.2471e+10   5.8762e+04
4.2654e+10   5.8720e+04
4.2838e+10   5.8678e+04
4.3023e+10   5.8636e+04
4.3209e+10   5.8593e+04
4.3395e+10   5.8551e+04
4.3582e+10   5.8509e+04
4.3770e+10   5.8467e+04
4.3959e+10   5.8425e+04
4.4148e+10   5.8383e+04
4.4338e+10   5.8341e+04
4.4529e+10   5.8298e+04
4.4720e+10   5.8256e+04
4.4913e+10   5.8214e+04
4.5106e+10   5.8172e+04
4.5300e+10   5.8130e+04
4.5494e+10   5.8088e+04
4.5690e+10   5.8046e+04
4.5886e+10   5.8003e+04
4.6083e+10   5.7961e+04
4.6281e+10   5.7919e+04
4.6479e+10   5.7877e+04
4.6678e+10   5.7835e+04
4.6878e+10   5.7793e+04
4.7079e+10   5.7751e+04
4.7281e+10   5.7708e+04
4.7483e+10   5.7666e+04
4.7686e+10   5.7624e+04
4.7890e+10   5.7582e+04
4.8095e+10   5.7540e+04
4.8301e+10   5.7498e+04
4.8507e+10   5.7456e+04
4.8714e+10   5.7413e+04
4.8922e+10   5.7371e+04
4.9131e+10   5.7329e+04
4.9340e+10   5.7287e+04
4.9550e+10   5.7245e+04
4.9762e+10   5.7203e+04
4.9973e+10   5.7161e+04
5.0186e+10   5.7118e+04
5.0400e+10   5.7076e+04
5.0614e+10   5.7034e+04
5.0829e+10   5.6992e+04
5.1045e+10   5.6950e+04
5.1262e+10   5.6908e+04
5.1479e+10   5.6866e+04
5.1698e+10   5.6824e+04
5.1917e+10   5.6781e+04
5.2137e+10   5.6739e+04
5.2358e+10   5.6697e+04
5.2579e+10   5.6655e+04
5.2802e+10   5.6613e+04
5.3025e+10   5.6571e+04
5.3249e+10   5.6529e+04
5.3474e+10   5.6487e+04
5.3700e+10   5.6444e+04
5.3926e+10   5.6402e+04
5.4153e+10   5.6360e+04
5.4382e+10   5.6318e+04
5.4611e+10   5.6276e+04
5.4840e+10   5.6234e+04
5.5071e+10   5.6192e+04
5.5303e+10   5.6150e+04
5.5535e+10   5.6107e+04
5.5768e+10   5.6065e+04
5.6002e+10   5.6023e+04
5.6237e+10   5.5981e+04
5.6473e+10   5.5939e+04
5.6709e+10   5.5897e+04
5.6946e+10   5.5855e+04
5.7185e+10   5.5813e+04
5.7424e+10   5.5770e+04
5.7663e+10   5.5728e+04
5.7904e+10   5.5686e+04
1.2057e+11   5.5644e+04
1.2126e+11   5.5602e+04
1.2171e+11   5.5560e+04
1.2217e+11   5.5518e+04
1.2263e+11   5.5476e+04
1.2309e+11   5.5433e+04
1.2355e+11   5.5391e+04
1.2401e+11   5.5349e+04
1.2447e+11   5.5307e+04
1.2493e+11   5.5265e+04
1.2540e+11   5.5223e+04
1.2586e+11   5.5181e+04
1.2633e+11   5.5139e+04
1.2680e+11   5.5097e+04
1.2726e+11   5.5054e+04
1.2773e+11   5.5012e+04
1.2820e+11   5.4970e+04
1.2867e+11   5.4928e+04
1.2915e+11   5.4886e+04
1.2962e+11   5.4844e+04
1.3009e+11   5.4802e+04
1.3057e+11   5.4760e+04
1.3104e+11   5.4718e+04
1.3152e+11   5.4675e+04
1.3200e+11   5.4633e+04
1.3247e+11   5.4591e+04
1.3295e+11   5.4549e+04
1.3343e+11   5.4507e+04
1.3391e+11   5.4465e+04
1.3439e+11   5.4423e+04
1.3488e+11   5.4381e+04
1.3536e+11   5.4339e+04
1.3584e+11   5.4296e+04
1.3633e+11   5.4254e+04
9.4895e+10   5.4212e+04
9.5232e+10   5.4170e+04
9.5569e+10   5.4128e+04
9.5907e+10   5.4086e+04
9.6246e+10   5.4044e+04
9.6585e+10   5.4002e+04
9.6924e+10   5.3960e+04
9.7264e+10   5.3918e+04
9.7604e+10   5.3875e+04
9.7945e+10   5.3833e+04
9.8286e+10   5.3791e+04
9.8628e+10   5.3749e+04
9.8970e+10   5.3707e+04
9.9312e+10   5.3665e+04
9.9655e+10   5.3623e+04
9.9998e+10   5.3581e+04
1.0034e+11   5.3539e+04
1.0068e+11   5.3497e+04
1.0103e+11   5.3455e+04
1.0137e+11   5.3412e+04
1.0172e+11   5.3370e+04
1.0206e+11   5.3328e+04
1.0241e+11   5.3286e+04
1.0275e+11   5.3244e+04
1.0310e+11   5.3202e+04
1.0345e+11   5.3160e+04
1.0379e+11   5.3118e+04
1.0414e+11   5.3076e+04
1.0449e+11   5.3034e+04
1.0483e+11   5.2992e+04
1.0518e+11   5.2949e+04
1.0553e+11   5.2907e+04
1.0587e+11   5.2865e+04
1.0622e+11   5.2823e+04
1.0657e+11   5.2781e+04
1.0692e+11   5.2739e+04
1.0726e+11   5.2697e+04
1.0761e+11   5.2655e+04
1.0796e+11   5.2613e+04
1.0831e+11   5.2571e+04
1.0866e+11   5.2529e+04
1.0900e+11   5.2487e+04
1.0935e+11   5.2445e+04
1.0970e+11   5.2402e+04
1.1005e+11   5.2360e+04
1.1039e+11   5.2318e+04
1.1074e+11   5.2276e+04
1.1109e+11   5.2234e+04
1.1144e+11   5.2192e+04
1.1178e+11   5.2150e+04
1.1213e+11   5.2108e+04
1.1248e+11   5.2066e+04
1.1283e+11   5.2024e+04
1.1317e+11   5.1982e+04
1.1352e+11   5.1940e+04
1.1386e+11   5.1898e+04
1.1421e+11   5.1856e+04
1.1455e+11   5.1813e+04
1.1490e+11   5.1771e+04
1.1524e+11   5.1729e+04
1.1559e+11   5.1687e+04
1.1593e+11   5.1645e+04
1.1628e+11   5.1603e+04
1.1662e+11   5.1561e+04
1.1696e+11   5.1519e+04
1.1730e+11   5.1477e+04
1.1764e+11   5.1435e+04
1.1799e+11   5.1393e+04
1.1833e+11   5.1351e+04
1.1867e+11   5.1309e+04
1.1901e+11   5.1267e+04
1.1934e+11   5.1225e+04
1.1968e+11   5.1183e+04
1.2002e+11   5.1141e+04
1.2036e+11   5.1098e+04
1.2069e+11   5.1056e+04
1.2103e+11   5.1014e+04
1.2136e+11   5.0972e+04
1.2169e+11   5.0930e+04
1.2203e+11   5.0888e+04
1.2236e+11   5.0846e+04
1.2269e+11   5.0804e+04
1.2302e+11   5.0762e+04
1.2335e+11   5.0720e+04
1.2368e+11   5.0678e+04
1.2400e+11   5.0636e+04
1.2433e+11   5.0594e+04
1.2465e+11   5.0552e+04
1.2498e+11   5.0510e+04
1.2530e+11   5.0468e+04
1.2562e+11   5.0426e+04
1.2594e+11   5.0384e+04
1.2626e+11   5.0342e+04
1.2658e+11   5.0300e+04
1.2689e+11   5.0258e+04
1.2721e+11   5.0215e+04
1.2752e+11   5.0173e+04
1.2783e+11   5.0131e+04
1.2814e+11   5.0089e+04
1.2845e+11   5.0047e+04
1.2876e+11   5.0005e+04
1.2907e+11   4.9963e+04
1.2937e+11   4.9921e+04
1.2967e+11   4.9879e+04
1.2997e+11   4.9837e+04
1.3027e+11   4.9795e+04
1.3057e+11   4.9753e+04
1.3087e+11   4.9711e+04
1.3116e+11   4.9669e+04
1.3145e+11   4.9627e+04
1.3174e+11   4.9585e+04
1.3203e+11   4.9543e+04
1.3232e+11   4.9501e+04
1.3260e+11   4.9459e+04
1.3288e+11   4.9417e+04
1.3317e+11   4.9375e+04
1.3344e+11   4.9333e+04
1.3372e+11   4.9291e+04
1.3399e+11   4.9249e+04
1.3426e+11   4.9207e+04
1.3453e+11   4.9165e+04
1.3480e+11   4.9123e+04
1.3506e+11   4.9081e+04
1.3533e+11   4.9039e+04
1.3558e+11   4.8997e+04
1.3584e+11   4.8955e+04
1.3610e+11   4.8913e+04
1.3635e+11   4.8871e+04
1.3660e+11   4.8829e+04
1.3684e+11   4.8787e+04
1.3709e+11   4.8745e+04
1.3733e+11   4.8703e+04
1.3756e+11   4.8661e+04
1.3780e+11   4.8619e+04
1.3803e+11   4.8577e+04
1.3826e+11   4.8535e+04
1.3848e+11   4.8493e+04
1.3871e+11   4.8451e+04
1.3892e+11   4.8409e+04
1.3914e+11   4.8367e+04
1.3935e+11   4.8325e+04
1.3956e+11   4.8283e+04
1.3977e+11   4.8241e+04
1.3997e+11   4.8199e+04
1.4017e+11   4.8157e+04
1.4036e+11   4.8115e+04
1.4056e+11   4.8073e+04
1.4074e+11   4.8031e+04
1.4093e+11   4.7989e+04
1.4111e+11   4.7947e+04
1.4129e+11   4.7905e+04
1.4146e+11   4.7863e+04
1.4163e+11   4.7821e+04
1.4179e+11   4.7779e+04
1.4195e+11   4.7737e+04
1.4211e+11   4.7695e+04
1.4226e+11   4.7653e+04
1.4241e+11   4.7611e+04
1.4255e+11   4.7569e+04
1.4269e+11   4.7527e+04
1.4283e+11   4.7485e+04
1.4296e+11   4.7443e+04
1.4308e+11   4.7401e+04
1.4320e+11   4.7359e+04
1.4332e+11   4.7317e+04
1.4343e+11   4.7275e+04
1.4354e+11   4.7233e+04
1.4364e+11   4.7191e+04
1.4374e+11   4.7149e+04
1.4383e+11   4.7107e+04
1.4391e+11   4.7065e+04
1.4400e+11   4.7023e+04
1.4407e+11   4.6981e+04
1.4414e+11   4.6939e+04
1.4421e+11   4.6897e+04
1.4427e+11   4.6855e+04
1.4432e+11   4.6814e+04
1.4437e+11   4.6772e+04
1.4442e+11   4.6730e+04
1.4445e+11   4.6688e+04
1.4449e+11   4.6646e+04
1.4451e+11   4.6604e+04
1.4453e+11   4.6562e+04
1.4455e+11   4.6520e+04
1.4455e+11   4.6478e+04
1.4456e+11   4.6436e+04
1.4455e+11   4.6394e+04
1.4454e+11   4.6352e+04
1.4452e+11   4.6310e+04
1.4450e+11   4.6268e+04
1.4447e+11   4.6226e+04
1.4443e+11   4.6184e+04
1.4439e+11   4.6142e+04
1.4434e+11   4.6100e+04
1.4428e+11   4.6059e+04
1.4422e+11   4.6017e+04
1.4415e+11   4.5975e+04
1.4407e+11   4.5933e+04
1.4399e+11   4.5891e+04
1.4389e+11   4.5849e+04
1.4380e+11   4.5807e+04
1.4369e+11   4.5765e+04
1.4357e+11   4.5723e+04
1.4345e+11   4.5681e+04
1.4332e+11   4.5639e+04
1.4319e+11   4.5597e+04
1.4304e+11   4.5555e+04
1.4289e+11   4.5514e+04
1.4273e+11   4.5472e+04
1.4256e+11   4.5430e+04
1.4239e+11   4.5388e+04
1.4220e+11   4.5346e+04
1.4201e+11   4.5304e+04
1.4181e+11   4.5262e+04
1.4160e+11   4.5220e+04
1.4138e+11   4.5178e+04
1.4116e+11   4.5136e+04
1.4092e+11   4.5094e+04
1.4068e+11   4.5053e+04
1.4043e+11   4.5011e+04
1.4017e+11   4.4969e+04
1.3990e+11   4.4927e+04
1.3962e+11   4.4885e+04
1.3933e+11   4.4843e+04
1.3903e+11   4.4801e+04
1.3873e+11   4.4759e+04
1.3841e+11   4.4717e+04
1.3809e+11   4.4676e+04
1.3776e+11   4.4634e+04
1.3741e+11   4.4592e+04
1.3706e+11   4.4550e+04
1.3670e+11   4.4508e+04
1.3633e+11   4.4466e+04
1.3594e+11   4.4424e+04
1.3555e+11   4.4382e+04
1.3515e+11   4.4341e+04
1.3474e+11   4.4299e+04
1.3432e+11   4.4257e+04
1.3389e+11   4.4215e+04
1.3345e+11   4.4173e+04
1.3300e+11   4.4131e+04
1.3253e+11   4.4089e+04
1.3206e+11   4.4048e+04
1.3158e+11   4.4006e+04
1.3109e+11   4.3964e+04
1.3058e+11   4.3922e+04
1.3007e+11   4.3880e+04
1.2954e+11   4.3838e+04
1.2901e+11   4.3797e+04
1.2846e+11   4.3755e+04
1.2791e+11   4.3713e+04
1.2734e+11   4.3671e+04
1.2676e+11   4.3629e+04
1.2617e+11   4.3587e+04
1.2557e+11   4.3546e+04
1.2496e+11   4.3504e+04
1.2434e+11   4.3462e+04
1.2371e+11   4.3420e+04
1.2306e+11   4.3378e+04
1.2241e+11   4.3336e+04
1.2174e+11   4.3295e+04
1.2106e+11   4.3253e+04
1.2037e+11   4.3211e+04
1.1967e+11   4.3169e+04
1.1896e+11   4.3127e+04
1.1824e+11   4.3086e+04
1.1750e+11   4.3044e+04
1.1676e+11   4.3002e+04
1.1600e+11   4.2960e+04
1.1523e+11   4.2918e+04
1.1445e+11   4.2877e+04
1.1366e+11   4.2835e+04
1.1286e+11   4.2793e+04
1.1205e+11   4.2751e+04
1.1122e+11   4.2710e+04
1.1038e+11   4.2668e+04
1.0954e+11   4.2626e+04
1.0868e+11   4.2584e+04
1.0781e+11   4.2542e+04
1.0693e+11   4.2501e+04
1.0603e+11   4.2459e+04
1.0513e+11   4.2417e+04
1.0422e+11   4.2375e+04
1.0329e+11   4.2334e+04
1.0235e+11   4.2292e+04
1.0140e+11   4.2250e+04
1.0044e+11   4.2208e+04
9.9474e+10   4.2167e+04
9.8493e+10   4.2125e+04
9.7502e+10   4.2083e+04
9.6499e+10   4.2042e+04
9.5486e+10   4.2000e+04
9.4463e+10   4.1958e+04
9.3429e+10   4.1916e+04
9.2385e+10   4.1875e+04
9.1330e+10   4.1833e+04
9.0266e+10   4.1791e+04
8.9191e+10   4.1750e+04
8.8107e+10   4.1708e+04
8.7013e+10   4.1666e+04
8.5909e+10   4.1624e+04
8.4796e+10   4.1583e+04
8.3674e+10   4.1541e+04
8.2543e+10   4.1499e+04
8.1402e+10   4.1458e+04
8.0253e+10   4.1416e+04
7.9095e+10   4.1374e+04
7.7929e+10   4.1333e+04
7.6755e+10   4.1291e+04
7.5573e+10   4.1249e+04
7.4383e+10   4.1208e+04
7.3185e+10   4.1166e+04
7.1980e+10   4.1125e+04
7.0769e+10   4.1083e+04
6.9550e+10   4.1041e+04
6.8325e+10   4.1000e+04
6.7094e+10   4.0958e+04
6.5856e+10   4.0916e+04
6.4614e+10   4.0875e+04
6.3365e+10   4.0833e+04
6.2112e+10   4.0792e+04
6.0854e+10   4.0750e+04
5.9592e+10   4.0708e+04
5.8326e+10   4.0667e+04
5.7056e+10   4.0625e+04
5.5784e+10   4.0584e+04
5.4508e+10   4.0542e+04
5.3230e+10   4.0500e+04
5.1950e+10   4.0459e+04
5.0668e+10   4.0417e+04
4.9386e+10   4.0376e+04
4.8103e+10   4.0334e+04
4.6820e+10   4.0293e+04
4.5537e+10   4.0251e+04
4.4255e+10   4.0210e+04
4.2975e+10   4.0168e+04
4.1696e+10   4.0127e+04
4.0420e+10   4.0085e+04
3.9148e+10   4.0044e+04
3.7879e+10   4.0002e+04
3.6614e+10   3.9961e+04
3.5355e+10   3.9919e+04
3.4101e+10   3.9878e+04
3.2853e+10   3.9836e+04
3.1613e+10   3.9795e+04
3.0380e+10   3.9753e+04
2.9156e+10   3.9712e+04
2.7942e+10   3.9671e+04
2.6737e+10   3.9629e+04
2.5544e+10   3.9588e+04
2.4362e+10   3.9546e+04
2.3193e+10   3.9505e+04
2.2037e+10   3.9464e+04
2.0896e+10   3.9422e+04
1.9771e+10   3.9381e+04
1.8662e+10   3.9340e+04
1.7570e+10   3.9298e+04
1.6498e+10   3.9257e+04
1.5445e+10   3.9216e+04
1.4413e+10   3.9174e+04
1.3403e+10   3.9133e+04
1.2417e+10   3.9092e+04
1.1456e+10   3.9051e+04
1.0521e+10   3.9009e+04
9.6145e+09   3.8968e+04
8.7372e+09   3.8927e+04
7.8910e+09   3.8886e+04
7.0779e+09   3.8845e+04
6.2998e+09   3.8804e+04
5.5586e+09   3.8762e+04
4.8565e+09   3.8721e+04
4.1958e+09   3.8680e+04
3.5787e+09   3.8639e+04
3.0075e+09   3.8598e+04
2.4844e+09   3.8557e+04
2.0113e+09   3.8516e+04
1.5898e+09   3.8475e+04
1.2207e+09   3.8435e+04
9.0407e+08   3.8394e+04
6.3870e+08   3.8353e+04
4.2223e+08   3.8312e+04
2.5107e+08   3.8272e+04
1.2068e+08   3.8231e+04
2.3556e+07   3.8191e+04
