Dia: 1.1 m | Vel: 14.4 km/s | theta: 38.0 deg | Strength: 6.0e+06 Pa
Power (W)    Time (sec)
1.4401e+08   3.0000e-03
1.4438e+08   6.0000e-03
1.4475e+08   9.0000e-03
1.4512e+08   1.2000e-02
1.4549e+08   1.5000e-02
1.4587e+08   1.8000e-02
1.4624e+08   2.1000e-02
1.4662e+08   2.4000e-02
1.4699e+08   2.7000e-02
1.4737e+08   3.0000e-02
1.4775e+08   3.3000e-02
1.4813e+08   3.6000e-02
1.4851e+08   3.9000e-02
1.4889e+08   4.2000e-02
1.4927e+08   4.5000e-02
1.4966e+08   4.8000e-02
1.5004e+08   5.1000e-02
1.5043e+08   5.4000e-02
1.5082e+08   5.7000e-02
1.5120e+08   6.0000e-02
1.5159e+08   6.3000e-02
1.5198e+08   6.6000e-02
1.5237e+08   6.9000e-02
1.5277e+08   7.2000e-02
1.5316e+08   7.5000e-02
1.5355e+08   7.8000e-02
1.5395e+08   8.1000e-02
1.5435e+08   8.4000e-02
1.5474e+08   8.7000e-02
1.5514e+08   9.0000e-02
1.5554e+08   9.3000e-02
1.5594e+08   9.6000e-02
1.5635e+08   9.9000e-02
1.5675e+08   1.0200e-01
1.5715e+08   1.0500e-01
1.5756e+08   1.0800e-01
1.5797e+08   1.1100e-01
1.5837e+08   1.1400e-01
1.5878e+08   1.1700e-01
1.5919e+08   1.2000e-01
1.5960e+08   1.2300e-01
1.6001e+08   1.2600e-01
1.6043e+08   1.2900e-01
1.6084e+08   1.3200e-01
1.6126e+08   1.3500e-01
1.6167e+08   1.3800e-01
1.6209e+08   1.4100e-01
1.6251e+08   1.4400e-01
1.6293e+08   1.4700e-01
1.6335e+08   1.5000e-01
1.6378e+08   1.5300e-01
1.6420e+08   1.5600e-01
1.6462e+08   1.5900e-01
1.6505e+08   1.6200e-01
1.6548e+08   1.6500e-01
1.6591e+08   1.6800e-01
1.6634e+08   1.7100e-01
1.6677e+08   1.7400e-01
1.6720e+08   1.7700e-01
1.6763e+08   1.8000e-01
1.6807e+08   1.8300e-01
1.6850e+08   1.8600e-01
1.6894e+08   1.8900e-01
1.6938e+08   1.9200e-01
1.6982e+08   1.9500e-01
1.7026e+08   1.9800e-01
1.7070e+08   2.0100e-01
1.7114e+08   2.0400e-01
1.7159e+08   2.0700e-01
1.7203e+08   2.1000e-01
1.7248e+08   2.1300e-01
1.7292e+08   2.1600e-01
1.7337e+08   2.1900e-01
1.7382e+08   2.2200e-01
1.7428e+08   2.2500e-01
1.7473e+08   2.2800e-01
1.7518e+08   2.3100e-01
1.7564e+08   2.3400e-01
1.7609e+08   2.3700e-01
1.7655e+08   2.4000e-01
1.7701e+08   2.4300e-01
1.7747e+08   2.4600e-01
1.7793e+08   2.4900e-01
1.7840e+08   2.5200e-01
1.7886e+08   2.5500e-01
1.7933e+08   2.5800e-01
1.7979e+08   2.6100e-01
1.8026e+08   2.6400e-01
1.8073e+08   2.6700e-01
1.8120e+08   2.7000e-01
1.8167e+08   2.7300e-01
1.8215e+08   2.7600e-01
1.8262e+08   2.7900e-01
1.8310e+08   2.8200e-01
1.8357e+08   2.8500e-01
1.8405e+08   2.8800e-01
1.8453e+08   2.9100e-01
1.8501e+08   2.9400e-01
1.8550e+08   2.9700e-01
1.8598e+08   3.0000e-01
1.8647e+08   3.0300e-01
1.8695e+08   3.0600e-01
1.8744e+08   3.0900e-01
1.8793e+08   3.1200e-01
1.8842e+08   3.1500e-01
1.8891e+08   3.1800e-01
1.8941e+08   3.2100e-01
1.8990e+08   3.2400e-01
1.9040e+08   3.2700e-01
1.9090e+08   3.3000e-01
1.9140e+08   3.3300e-01
1.9190e+08   3.3600e-01
1.9240e+08   3.3900e-01
1.9290e+08   3.4200e-01
1.9341e+08   3.4500e-01
1.9391e+08   3.4800e-01
1.9442e+08   3.5100e-01
1.9493e+08   3.5400e-01
1.9544e+08   3.5700e-01
1.9595e+08   3.6000e-01
1.9646e+08   3.6300e-01
1.9698e+08   3.6600e-01
1.9749e+08   3.6900e-01
1.9801e+08   3.7200e-01
1.9853e+08   3.7500e-01
1.9905e+08   3.7800e-01
1.9957e+08   3.8100e-01
2.0010e+08   3.8400e-01
2.0062e+08   3.8700e-01
2.0115e+08   3.9000e-01
2.0167e+08   3.9300e-01
2.0220e+08   3.9600e-01
2.0273e+08   3.9900e-01
2.0327e+08   4.0200e-01
2.0380e+08   4.0500e-01
2.0433e+08   4.0800e-01
2.0487e+08   4.1100e-01
2.0541e+08   4.1400e-01
2.0595e+08   4.1700e-01
2.0649e+08   4.2000e-01
2.0703e+08   4.2300e-01
2.0758e+08   4.2600e-01
2.0812e+08   4.2900e-01
2.0867e+08   4.3200e-01
2.0922e+08   4.3500e-01
2.0977e+08   4.3800e-01
2.1032e+08   4.4100e-01
2.1087e+08   4.4400e-01
2.1143e+08   4.4700e-01
2.1198e+08   4.5000e-01
2.1254e+08   4.5300e-01
2.1310e+08   4.5600e-01
2.1366e+08   4.5900e-01
2.1423e+08   4.6200e-01
2.1479e+08   4.6500e-01
2.1536e+08   4.6800e-01
2.1592e+08   4.7100e-01
2.1649e+08   4.7400e-01
2.1706e+08   4.7700e-01
2.1764e+08   4.8000e-01
2.1821e+08   4.8300e-01
2.1879e+08   4.8600e-01
2.1936e+08   4.8900e-01
2.1994e+08   4.9200e-01
2.2052e+08   4.9500e-01
2.2110e+08   4.9800e-01
2.2169e+08   5.0100e-01
2.2227e+08   5.0400e-01
2.2286e+08   5.0700e-01
2.2345e+08   5.1000e-01
2.2404e+08   5.1300e-01
2.2463e+08   5.1600e-01
2.2522e+08   5.1900e-01
2.2582e+08   5.2200e-01
2.2642e+08   5.2500e-01
2.2702e+08   5.2800e-01
2.2762e+08   5.3100e-01
2.2822e+08   5.3400e-01
2.2882e+08   5.3700e-01
2.2943e+08   5.4000e-01
2.3003e+08   5.4300e-01
2.3064e+08   5.4600e-01
2.3125e+08   5.4900e-01
2.3186e+08   5.5200e-01
2.3248e+08   5.5500e-01
2.3309e+08   5.5800e-01
2.3371e+08   5.6100e-01
2.3433e+08   5.6400e-01
2.3495e+08   5.6700e-01
2.3557e+08   5.7000e-01
2.3620e+08   5.7300e-01
2.3683e+08   5.7600e-01
2.3745e+08   5.7900e-01
2.3808e+08   5.8200e-01
2.3871e+08   5.8500e-01
2.3935e+08   5.8800e-01
2.3998e+08   5.9100e-01
2.4062e+08   5.9400e-01
2.4126e+08   5.9700e-01
2.4190e+08   6.0000e-01
2.4254e+08   6.0300e-01
2.4318e+08   6.0600e-01
2.4383e+08   6.0900e-01
2.4448e+08   6.1200e-01
2.4513e+08   6.1500e-01
2.4578e+08   6.1800e-01
2.4643e+08   6.2100e-01
2.4709e+08   6.2400e-01
2.4774e+08   6.2700e-01
2.4840e+08   6.3000e-01
2.4906e+08   6.3300e-01
2.4973e+08   6.3600e-01
2.5039e+08   6.3900e-01
2.5106e+08   6.4200e-01
2.5173e+08   6.4500e-01
2.5240e+08   6.4800e-01
2.5307e+08   6.5100e-01
2.5374e+08   6.5400e-01
2.5442e+08   6.5700e-01
2.5509e+08   6.6000e-01
2.5577e+08   6.6300e-01
2.5646e+08   6.6600e-01
2.5714e+08   6.6900e-01
2.5782e+08   6.7200e-01
2.5851e+08   6.7500e-01
2.5920e+08   6.7800e-01
2.5989e+08   6.8100e-01
2.6059e+08   6.8400e-01
2.6128e+08   6.8700e-01
2.6198e+08   6.9000e-01
2.6268e+08   6.9300e-01
2.6338e+08   6.9600e-01
2.6408e+08   6.9900e-01
2.6479e+08   7.0200e-01
2.6549e+08   7.0500e-01
2.6620e+08   7.0800e-01
2.6691e+08   7.1100e-01
2.6763e+08   7.1400e-01
2.6834e+08   7.1700e-01
2.6906e+08   7.2000e-01
2.6978e+08   7.2300e-01
2.7050e+08   7.2600e-01
2.7122e+08   7.2900e-01
2.7195e+08   7.3200e-01
2.7268e+08   7.3500e-01
2.7340e+08   7.3800e-01
2.7414e+08   7.4100e-01
2.7487e+08   7.4400e-01
2.7561e+08   7.4700e-01
2.7634e+08   7.5000e-01
2.7708e+08   7.5300e-01
2.7783e+08   7.5600e-01
2.7857e+08   7.5900e-01
2.7932e+08   7.6200e-01
2.8006e+08   7.6500e-01
2.8081e+08   7.6800e-01
2.8157e+08   7.7100e-01
2.8232e+08   7.7400e-01
2.8308e+08   7.7700e-01
2.8384e+08   7.8000e-01
2.8460e+08   7.8300e-01
2.8536e+08   7.8600e-01
2.8613e+08   7.8900e-01
2.8690e+08   7.9200e-01
2.8767e+08   7.9500e-01
2.8844e+08   7.9800e-01
2.8921e+08   8.0100e-01
2.8999e+08   8.0400e-01
2.9077e+08   8.0700e-01
2.9155e+08   8.1000e-01
2.9233e+08   8.1300e-01
2.9312e+08   8.1600e-01
2.9390e+08   8.1900e-01
2.9469e+08   8.2200e-01
2.9549e+08   8.2500e-01
2.9628e+08   8.2800e-01
2.9708e+08   8.3100e-01
2.9788e+08   8.3400e-01
2.9868e+08   8.3700e-01
2.9948e+08   8.4000e-01
3.0029e+08   8.4300e-01
3.0110e+08   8.4600e-01
3.0191e+08   8.4900e-01
3.0272e+08   8.5200e-01
3.0353e+08   8.5500e-01
3.0435e+08   8.5800e-01
3.0517e+08   8.6100e-01
3.0599e+08   8.6400e-01
3.0682e+08   8.6700e-01
3.0764e+08   8.7000e-01
3.0847e+08   8.7300e-01
3.0930e+08   8.7600e-01
3.1014e+08   8.7900e-01
3.1097e+08   8.8200e-01
3.1181e+08   8.8500e-01
3.1265e+08   8.8800e-01
3.1350e+08   8.9100e-01
3.1434e+08   8.9400e-01
3.1519e+08   8.9700e-01
3.1604e+08   9.0000e-01
3.1690e+08   9.0300e-01
3.1775e+08   9.0600e-01
3.1861e+08   9.0900e-01
3.1947e+08   9.1200e-01
3.2033e+08   9.1500e-01
3.2120e+08   9.1800e-01
3.2207e+08   9.2100e-01
3.2294e+08   9.2400e-01
3.2381e+08   9.2700e-01
3.2468e+08   9.3000e-01
3.2556e+08   9.3300e-01
3.2644e+08   9.3600e-01
3.2733e+08   9.3900e-01
3.2821e+08   9.4200e-01
3.2910e+08   9.4500e-01
3.2999e+08   9.4800e-01
3.3088e+08   9.5100e-01
3.3178e+08   9.5400e-01
3.3268e+08   9.5700e-01
3.3358e+08   9.6000e-01
3.3448e+08   9.6300e-01
3.3539e+08   9.6600e-01
3.3629e+08   9.6900e-01
3.3721e+08   9.7200e-01
3.3812e+08   9.7500e-01
3.3904e+08   9.7800e-01
3.3995e+08   9.8100e-01
3.4088e+08   9.8400e-01
3.4180e+08   9.8700e-01
3.4273e+08   9.9000e-01
3.4366e+08   9.9300e-01
3.4459e+08   9.9600e-01
3.4552e+08   9.9900e-01
3.4646e+08   1.0020e+00
3.4740e+08   1.0050e+00
3.4835e+08   1.0080e+00
3.4929e+08   1.0110e+00
3.5024e+08   1.0140e+00
3.5119e+08   1.0170e+00
3.5214e+08   1.0200e+00
3.5310e+08   1.0230e+00
3.5406e+08   1.0260e+00
3.5502e+08   1.0290e+00
3.5599e+08   1.0320e+00
3.5696e+08   1.0350e+00
3.5793e+08   1.0380e+00
3.5890e+08   1.0410e+00
3.5987e+08   1.0440e+00
3.6085e+08   1.0470e+00
3.6184e+08   1.0500e+00
3.6282e+08   1.0530e+00
3.6381e+08   1.0560e+00
3.6480e+08   1.0590e+00
3.6579e+08   1.0620e+00
3.6679e+08   1.0650e+00
3.6778e+08   1.0680e+00
3.6879e+08   1.0710e+00
3.6979e+08   1.0740e+00
3.7080e+08   1.0770e+00
3.7181e+08   1.0800e+00
3.7282e+08   1.0830e+00
3.7384e+08   1.0860e+00
3.7486e+08   1.0890e+00
3.7588e+08   1.0920e+00
3.7690e+08   1.0950e+00
3.7793e+08   1.0980e+00
3.7896e+08   1.1010e+00
3.8000e+08   1.1040e+00
3.8103e+08   1.1070e+00
3.8207e+08   1.1100e+00
3.8312e+08   1.1130e+00
3.8416e+08   1.1160e+00
3.8521e+08   1.1190e+00
3.8626e+08   1.1220e+00
3.8732e+08   1.1250e+00
3.8837e+08   1.1280e+00
3.8943e+08   1.1310e+00
3.9050e+08   1.1340e+00
3.9157e+08   1.1370e+00
3.9264e+08   1.1400e+00
3.9371e+08   1.1430e+00
3.9479e+08   1.1460e+00
3.9586e+08   1.1490e+00
3.9695e+08   1.1520e+00
3.9803e+08   1.1550e+00
3.9912e+08   1.1580e+00
4.0021e+08   1.1610e+00
4.0131e+08   1.1640e+00
4.0241e+08   1.1670e+00
4.0351e+08   1.1700e+00
4.0461e+08   1.1730e+00
4.0572e+08   1.1760e+00
4.0683e+08   1.1790e+00
4.0795e+08   1.1820e+00
4.0906e+08   1.1850e+00
4.1018e+08   1.1880e+00
4.1131e+08   1.1910e+00
4.1243e+08   1.1940e+00
4.1356e+08   1.1970e+00
4.1470e+08   1.2000e+00
4.1583e+08   1.2030e+00
4.1697e+08   1.2060e+00
4.1812e+08   1.2090e+00
4.1927e+08   1.2120e+00
4.2042e+08   1.2150e+00
4.2157e+08   1.2180e+00
4.2273e+08   1.2210e+00
4.2389e+08   1.2240e+00
4.2505e+08   1.2270e+00
4.2622e+08   1.2300e+00
4.2739e+08   1.2330e+00
4.2856e+08   1.2360e+00
4.2974e+08   1.2390e+00
4.3092e+08   1.2420e+00
4.3210e+08   1.2450e+00
4.3329e+08   1.2480e+00
4.3448e+08   1.2510e+00
4.3567e+08   1.2540e+00
4.3687e+08   1.2570e+00
4.3807e+08   1.2600e+00
4.3927e+08   1.2630e+00
4.4048e+08   1.2660e+00
4.4169e+08   1.2690e+00
4.4291e+08   1.2720e+00
4.4413e+08   1.2750e+00
4.4535e+08   1.2780e+00
4.4657e+08   1.2810e+00
4.4780e+08   1.2840e+00
4.4904e+08   1.2870e+00
4.5027e+08   1.2900e+00
4.5151e+08   1.2930e+00
4.5276e+08   1.2960e+00
4.5400e+08   1.2990e+00
4.5525e+08   1.3020e+00
4.5651e+08   1.3050e+00
4.5776e+08   1.3080e+00
4.5903e+08   1.3110e+00
4.6029e+08   1.3140e+00
4.6156e+08   1.3170e+00
4.6283e+08   1.3200e+00
4.6411e+08   1.3230e+00
4.6539e+08   1.3260e+00
4.6667e+08   1.3290e+00
4.6796e+08   1.3320e+00
4.6925e+08   1.3350e+00
4.7054e+08   1.3380e+00
4.7184e+08   1.3410e+00
4.7314e+08   1.3440e+00
4.7445e+08   1.3470e+00
4.7576e+08   1.3500e+00
4.7707e+08   1.3530e+00
4.7839e+08   1.3560e+00
4.7971e+08   1.3590e+00
4.8104e+08   1.3620e+00
4.8237e+08   1.3650e+00
4.8370e+08   1.3680e+00
4.8504e+08   1.3710e+00
4.8638e+08   1.3740e+00
4.8772e+08   1.3770e+00
4.8907e+08   1.3800e+00
4.9042e+08   1.3830e+00
4.9178e+08   1.3860e+00
4.9314e+08   1.3890e+00
4.9450e+08   1.3920e+00
4.9587e+08   1.3950e+00
4.9724e+08   1.3980e+00
4.9862e+08   1.4010e+00
5.0000e+08   1.4040e+00
5.0138e+08   1.4070e+00
5.0277e+08   1.4100e+00
5.0416e+08   1.4130e+00
5.0556e+08   1.4160e+00
5.0696e+08   1.4190e+00
5.0836e+08   1.4220e+00
5.0977e+08   1.4250e+00
5.1118e+08   1.4280e+00
5.1260e+08   1.4310e+00
5.1402e+08   1.4340e+00
5.1544e+08   1.4370e+00
5.1687e+08   1.4400e+00
5.1830e+08   1.4430e+00
5.1974e+08   1.4460e+00
5.2118e+08   1.4490e+00
5.2263e+08   1.4520e+00
5.2408e+08   1.4550e+00
5.2553e+08   1.4580e+00
5.2699e+08   1.4610e+00
5.2845e+08   1.4640e+00
5.2992e+08   1.4670e+00
5.3139e+08   1.4700e+00
5.3286e+08   1.4730e+00
5.3434e+08   1.4760e+00
5.3582e+08   1.4790e+00
5.3731e+08   1.4820e+00
5.3880e+08   1.4850e+00
5.4030e+08   1.4880e+00
5.4180e+08   1.4910e+00
5.4331e+08   1.4940e+00
5.4482e+08   1.4970e+00
5.4633e+08   1.5000e+00
5.4785e+08   1.5030e+00
5.4937e+08   1.5060e+00
5.5090e+08   1.5090e+00
5.5243e+08   1.5120e+00
5.5397e+08   1.5150e+00
5.5551e+08   1.5180e+00
5.5705e+08   1.5210e+00
5.5860e+08   1.5240e+00
5.6016e+08   1.5270e+00
5.6171e+08   1.5300e+00
5.6328e+08   1.5330e+00
5.6485e+08   1.5360e+00
5.6642e+08   1.5390e+00
5.6799e+08   1.5420e+00
5.6958e+08   1.5450e+00
5.7116e+08   1.5480e+00
5.7275e+08   1.5510e+00
5.7435e+08   1.5540e+00
5.7595e+08   1.5570e+00
5.7755e+08   1.5600e+00
5.7916e+08   1.5630e+00
5.8077e+08   1.5660e+00
5.8239e+08   1.5690e+00
5.8402e+08   1.5720e+00
5.8564e+08   1.5750e+00
5.8728e+08   1.5780e+00
5.8891e+08   1.5810e+00
5.9056e+08   1.5840e+00
5.9220e+08   1.5870e+00
5.9385e+08   1.5900e+00
5.9551e+08   1.5930e+00
5.9717e+08   1.5960e+00
5.9884e+08   1.5990e+00
6.0051e+08   1.6020e+00
6.0219e+08   1.6050e+00
6.0387e+08   1.6080e+00
6.0555e+08   1.6110e+00
6.0724e+08   1.6140e+00
6.0894e+08   1.6170e+00
6.1064e+08   1.6200e+00
6.1234e+08   1.6230e+00
6.1405e+08   1.6260e+00
6.1577e+08   1.6290e+00
6.1749e+08   1.6320e+00
6.1921e+08   1.6350e+00
6.2094e+08   1.6380e+00
6.2268e+08   1.6410e+00
6.2442e+08   1.6440e+00
6.2617e+08   1.6470e+00
6.2792e+08   1.6500e+00
6.2967e+08   1.6530e+00
6.3143e+08   1.6560e+00
6.3320e+08   1.6590e+00
6.3497e+08   1.6620e+00
6.3674e+08   1.6650e+00
6.3853e+08   1.6680e+00
6.4031e+08   1.6710e+00
6.4210e+08   1.6740e+00
6.4390e+08   1.6770e+00
6.4570e+08   1.6800e+00
6.4751e+08   1.6830e+00
6.4932e+08   1.6860e+00
6.5114e+08   1.6890e+00
6.5296e+08   1.6920e+00
6.5479e+08   1.6950e+00
6.5663e+08   1.6980e+00
6.5846e+08   1.7010e+00
6.6031e+08   1.7040e+00
6.6216e+08   1.7070e+00
6.6401e+08   1.7100e+00
6.6587e+08   1.7130e+00
6.6774e+08   1.7160e+00
6.6961e+08   1.7190e+00
6.7149e+08   1.7220e+00
6.7337e+08   1.7250e+00
6.7526e+08   1.7280e+00
6.7715e+08   1.7310e+00
6.7905e+08   1.7340e+00
6.8095e+08   1.7370e+00
6.8286e+08   1.7400e+00
6.8478e+08   1.7430e+00
6.8670e+08   1.7460e+00
6.8863e+08   1.7490e+00
6.9056e+08   1.7520e+00
6.9250e+08   1.7550e+00
6.9444e+08   1.7580e+00
6.9639e+08   1.7610e+00
6.9834e+08   1.7640e+00
7.0030e+08   1.7670e+00
7.0227e+08   1.7700e+00
7.0424e+08   1.7730e+00
7.0622e+08   1.7760e+00
7.0820e+08   1.7790e+00
7.1019e+08   1.7820e+00
7.1219e+08   1.7850e+00
7.1419e+08   1.7880e+00
7.1619e+08   1.7910e+00
7.1820e+08   1.7940e+00
7.2022e+08   1.7970e+00
7.2225e+08   1.8000e+00
7.2428e+08   1.8030e+00
7.2631e+08   1.8060e+00
7.2835e+08   1.8090e+00
7.3040e+08   1.8120e+00
7.3245e+08   1.8150e+00
7.3451e+08   1.8180e+00
7.3658e+08   1.8210e+00
7.3865e+08   1.8240e+00
7.4073e+08   1.8270e+00
7.4281e+08   1.8300e+00
7.4490e+08   1.8330e+00
7.4700e+08   1.8360e+00
7.4910e+08   1.8390e+00
7.5120e+08   1.8420e+00
7.5332e+08   1.8450e+00
7.5544e+08   1.8480e+00
7.5756e+08   1.8510e+00
7.5970e+08   1.8540e+00
7.6184e+08   1.8570e+00
7.6398e+08   1.8600e+00
7.6613e+08   1.8630e+00
7.6829e+08   1.8660e+00
7.7045e+08   1.8690e+00
7.7262e+08   1.8720e+00
7.7480e+08   1.8750e+00
7.7698e+08   1.8780e+00
7.7917e+08   1.8810e+00
7.8136e+08   1.8840e+00
7.8356e+08   1.8870e+00
7.8577e+08   1.8900e+00
7.8799e+08   1.8930e+00
7.9021e+08   1.8960e+00
7.9243e+08   1.8990e+00
7.9467e+08   1.9020e+00
7.9691e+08   1.9050e+00
7.9915e+08   1.9080e+00
8.0141e+08   1.9110e+00
8.0367e+08   1.9140e+00
8.0593e+08   1.9170e+00
8.0820e+08   1.9200e+00
8.1048e+08   1.9230e+00
8.1277e+08   1.9260e+00
8.1506e+08   1.9290e+00
8.1736e+08   1.9320e+00
8.1967e+08   1.9350e+00
8.2198e+08   1.9380e+00
8.2430e+08   1.9410e+00
8.2662e+08   1.9440e+00
8.2896e+08   1.9470e+00
8.3129e+08   1.9500e+00
8.3364e+08   1.9530e+00
8.3599e+08   1.9560e+00
8.3835e+08   1.9590e+00
8.4072e+08   1.9620e+00
8.4309e+08   1.9650e+00
8.4547e+08   1.9680e+00
8.4786e+08   1.9710e+00
8.5025e+08   1.9740e+00
8.5266e+08   1.9770e+00
8.5506e+08   1.9800e+00
8.5748e+08   1.9830e+00
8.5990e+08   1.9860e+00
8.6233e+08   1.9890e+00
8.6476e+08   1.9920e+00
8.6721e+08   1.9950e+00
8.6966e+08   1.9980e+00
8.7211e+08   2.0010e+00
8.7458e+08   2.0040e+00
8.7705e+08   2.0070e+00
8.7953e+08   2.0100e+00
8.8201e+08   2.0130e+00
8.8451e+08   2.0160e+00
8.8701e+08   2.0190e+00
8.8951e+08   2.0220e+00
8.9203e+08   2.0250e+00
8.9455e+08   2.0280e+00
8.9708e+08   2.0310e+00
8.9961e+08   2.0340e+00
9.0216e+08   2.0370e+00
9.0471e+08   2.0400e+00
9.0727e+08   2.0430e+00
9.0983e+08   2.0460e+00
9.1241e+08   2.0490e+00
9.1499e+08   2.0520e+00
9.1757e+08   2.0550e+00
9.2017e+08   2.0580e+00
9.2277e+08   2.0610e+00
9.2538e+08   2.0640e+00
9.2800e+08   2.0670e+00
9.3063e+08   2.0700e+00
9.3326e+08   2.0730e+00
9.3590e+08   2.0760e+00
9.3855e+08   2.0790e+00
9.4120e+08   2.0820e+00
9.4387e+08   2.0850e+00
9.4654e+08   2.0880e+00
9.4922e+08   2.0910e+00
9.5190e+08   2.0940e+00
9.5460e+08   2.0970e+00
9.5730e+08   2.1000e+00
9.6001e+08   2.1030e+00
9.6273e+08   2.1060e+00
9.6545e+08   2.1090e+00
9.6818e+08   2.1120e+00
9.7093e+08   2.1150e+00
9.7367e+08   2.1180e+00
9.7643e+08   2.1210e+00
9.7920e+08   2.1240e+00
9.8197e+08   2.1270e+00
9.8475e+08   2.1300e+00
9.8754e+08   2.1330e+00
9.9034e+08   2.1360e+00
9.9314e+08   2.1390e+00
9.9595e+08   2.1420e+00
9.9877e+08   2.1450e+00
1.0016e+09   2.1480e+00
1.0044e+09   2.1510e+00
1.0073e+09   2.1540e+00
1.0101e+09   2.1570e+00
1.0130e+09   2.1600e+00
1.0159e+09   2.1630e+00
1.0187e+09   2.1660e+00
1.0216e+09   2.1690e+00
1.0245e+09   2.1720e+00
1.0274e+09   2.1750e+00
1.0303e+09   2.1780e+00
1.0333e+09   2.1810e+00
1.0362e+09   2.1840e+00
1.0391e+09   2.1870e+00
1.0421e+09   2.1900e+00
1.0450e+09   2.1930e+00
1.0480e+09   2.1960e+00
1.0510e+09   2.1990e+00
1.0539e+09   2.2020e+00
1.0569e+09   2.2050e+00
1.0599e+09   2.2080e+00
1.0629e+09   2.2110e+00
1.0659e+09   2.2140e+00
1.0690e+09   2.2170e+00
1.0720e+09   2.2200e+00
1.0750e+09   2.2230e+00
1.0781e+09   2.2260e+00
1.0811e+09   2.2290e+00
1.0842e+09   2.2320e+00
1.0873e+09   2.2350e+00
1.0903e+09   2.2380e+00
1.0934e+09   2.2410e+00
1.0965e+09   2.2440e+00
1.0996e+09   2.2470e+00
1.1028e+09   2.2500e+00
1.1059e+09   2.2530e+00
1.1090e+09   2.2560e+00
1.1122e+09   2.2590e+00
1.1153e+09   2.2620e+00
1.1185e+09   2.2650e+00
1.1217e+09   2.2680e+00
1.1248e+09   2.2710e+00
1.1280e+09   2.2740e+00
1.1312e+09   2.2770e+00
1.1344e+09   2.2800e+00
1.1376e+09   2.2830e+00
1.1409e+09   2.2860e+00
1.1441e+09   2.2890e+00
1.1473e+09   2.2920e+00
1.1506e+09   2.2950e+00
1.1539e+09   2.2980e+00
1.1571e+09   2.3010e+00
1.1604e+09   2.3040e+00
1.1637e+09   2.3070e+00
1.1670e+09   2.3100e+00
1.1703e+09   2.3130e+00
1.1736e+09   2.3160e+00
1.1770e+09   2.3190e+00
1.1803e+09   2.3220e+00
1.1836e+09   2.3250e+00
1.1870e+09   2.3280e+00
1.1904e+09   2.3310e+00
1.1937e+09   2.3340e+00
1.1971e+09   2.3370e+00
1.2005e+09   2.3400e+00
1.2039e+09   2.3430e+00
1.2073e+09   2.3460e+00
1.2108e+09   2.3490e+00
1.2142e+09   2.3520e+00
1.2176e+09   2.3550e+00
1.2211e+09   2.3580e+00
1.2246e+09   2.3610e+00
1.2280e+09   2.3640e+00
1.2315e+09   2.3670e+00
1.2350e+09   2.3700e+00
1.2385e+09   2.3730e+00
1.2420e+09   2.3760e+00
1.2455e+09   2.3790e+00
1.2491e+09   2.3820e+00
1.2526e+09   2.3850e+00
1.2561e+09   2.3880e+00
1.2597e+09   2.3910e+00
1.2633e+09   2.3940e+00
1.2669e+09   2.3970e+00
1.2705e+09   2.4000e+00
1.2741e+09   2.4030e+00
1.2777e+09   2.4060e+00
1.2813e+09   2.4090e+00
1.2849e+09   2.4120e+00
1.2886e+09   2.4150e+00
1.2922e+09   2.4180e+00
1.2959e+09   2.4210e+00
1.2995e+09   2.4240e+00
1.3032e+09   2.4270e+00
1.3069e+09   2.4300e+00
1.3106e+09   2.4330e+00
1.3143e+09   2.4360e+00
1.3181e+09   2.4390e+00
1.3218e+09   2.4420e+00
1.3255e+09   2.4450e+00
1.3293e+09   2.4480e+00
1.3331e+09   2.4510e+00
1.3368e+09   2.4540e+00
1.3406e+09   2.4570e+00
1.3444e+09   2.4600e+00
1.3482e+09   2.4630e+00
1.3520e+09   2.4660e+00
1.3559e+09   2.4690e+00
1.3597e+09   2.4720e+00
1.3636e+09   2.4750e+00
1.3674e+09   2.4780e+00
1.3713e+09   2.4810e+00
1.3752e+09   2.4840e+00
1.3791e+09   2.4870e+00
1.3830e+09   2.4900e+00
1.3869e+09   2.4930e+00
1.3908e+09   2.4960e+00
1.3947e+09   2.4990e+00
1.3987e+09   2.5020e+00
1.4027e+09   2.5050e+00
1.4066e+09   2.5080e+00
1.4106e+09   2.5110e+00
1.4146e+09   2.5140e+00
1.4186e+09   2.5170e+00
1.4226e+09   2.5200e+00
1.4266e+09   2.5230e+00
1.4307e+09   2.5260e+00
1.4347e+09   2.5290e+00
1.4388e+09   2.5320e+00
1.4428e+09   2.5350e+00
1.4469e+09   2.5380e+00
1.4510e+09   2.5410e+00
1.4551e+09   2.5440e+00
1.4592e+09   2.5470e+00
1.4634e+09   2.5500e+00
1.4675e+09   2.5530e+00
1.4716e+09   2.5560e+00
1.4758e+09   2.5590e+00
1.4800e+09   2.5620e+00
1.4842e+09   2.5650e+00
1.4884e+09   2.5680e+00
1.4926e+09   2.5710e+00
1.4968e+09   2.5740e+00
1.5010e+09   2.5770e+00
1.5052e+09   2.5800e+00
1.5095e+09   2.5830e+00
1.5138e+09   2.5860e+00
1.5180e+09   2.5890e+00
1.5223e+09   2.5920e+00
1.5266e+09   2.5950e+00
1.5309e+09   2.5980e+00
1.5353e+09   2.6010e+00
1.5396e+09   2.6040e+00
1.5439e+09   2.6070e+00
1.5483e+09   2.6100e+00
1.5527e+09   2.6130e+00
1.5570e+09   2.6160e+00
1.5614e+09   2.6190e+00
1.5658e+09   2.6220e+00
1.5703e+09   2.6250e+00
1.5747e+09   2.6280e+00
1.5791e+09   2.6310e+00
1.5836e+09   2.6340e+00
1.5880e+09   2.6370e+00
1.5925e+09   2.6400e+00
1.5970e+09   2.6430e+00
1.6015e+09   2.6460e+00
1.6060e+09   2.6490e+00
1.6105e+09   2.6520e+00
1.6151e+09   2.6550e+00
1.6196e+09   2.6580e+00
1.6242e+09   2.6610e+00
1.6288e+09   2.6640e+00
1.6334e+09   2.6670e+00
1.6380e+09   2.6700e+00
1.6426e+09   2.6730e+00
1.6472e+09   2.6760e+00
1.6518e+09   2.6790e+00
1.6565e+09   2.6820e+00
1.6611e+09   2.6850e+00
1.6658e+09   2.6880e+00
1.6705e+09   2.6910e+00
1.6752e+09   2.6940e+00
1.6799e+09   2.6970e+00
1.6846e+09   2.7000e+00
1.6894e+09   2.7030e+00
1.6941e+09   2.7060e+00
1.6989e+09   2.7090e+00
1.7037e+09   2.7120e+00
1.7084e+09   2.7150e+00
1.7132e+09   2.7180e+00
1.7181e+09   2.7210e+00
1.7229e+09   2.7240e+00
1.7277e+09   2.7270e+00
1.7326e+09   2.7300e+00
1.7374e+09   2.7330e+00
1.7423e+09   2.7360e+00
1.7472e+09   2.7390e+00
1.7521e+09   2.7420e+00
1.7570e+09   2.7450e+00
1.7620e+09   2.7480e+00
1.7669e+09   2.7510e+00
1.7719e+09   2.7540e+00
1.7768e+09   2.7570e+00
1.7818e+09   2.7600e+00
1.7868e+09   2.7630e+00
1.7918e+09   2.7660e+00
1.7968e+09   2.7690e+00
1.8019e+09   2.7720e+00
1.8069e+09   2.7750e+00
1.8120e+09   2.7780e+00
1.8170e+09   2.7810e+00
1.8221e+09   2.7840e+00
1.8272e+09   2.7870e+00
1.8323e+09   2.7900e+00
1.8375e+09   2.7930e+00
1.8426e+09   2.7960e+00
1.8478e+09   2.7990e+00
1.8529e+09   2.8020e+00
1.8581e+09   2.8050e+00
1.8633e+09   2.8080e+00
1.8685e+09   2.8110e+00
1.8737e+09   2.8140e+00
1.8790e+09   2.8170e+00
1.8842e+09   2.8200e+00
1.8895e+09   2.8230e+00
1.8947e+09   2.8260e+00
1.9000e+09   2.8290e+00
1.9053e+09   2.8320e+00
1.9106e+09   2.8350e+00
1.9160e+09   2.8380e+00
1.9213e+09   2.8410e+00
1.9267e+09   2.8440e+00
1.9320e+09   2.8470e+00
1.9374e+09   2.8500e+00
1.9428e+09   2.8530e+00
1.9482e+09   2.8560e+00
1.9537e+09   2.8590e+00
1.9591e+09   2.8620e+00
1.9646e+09   2.8650e+00
1.9700e+09   2.8680e+00
1.9755e+09   2.8710e+00
1.9810e+09   2.8740e+00
1.9865e+09   2.8770e+00
1.9920e+09   2.8800e+00
1.9976e+09   2.8830e+00
2.0031e+09   2.8860e+00
2.0087e+09   2.8890e+00
2.0143e+09   2.8920e+00
2.0199e+09   2.8950e+00
2.0255e+09   2.8980e+00
2.0311e+09   2.9010e+00
2.0367e+09   2.9040e+00
2.0424e+09   2.9070e+00
2.0481e+09   2.9100e+00
2.0537e+09   2.9130e+00
2.0594e+09   2.9160e+00
2.0651e+09   2.9190e+00
2.0709e+09   2.9220e+00
2.0766e+09   2.9250e+00
2.0823e+09   2.9280e+00
2.0881e+09   2.9310e+00
2.0939e+09   2.9340e+00
2.0997e+09   2.9370e+00
2.1055e+09   2.9400e+00
2.1113e+09   2.9430e+00
2.1171e+09   2.9460e+00
2.1230e+09   2.9490e+00
2.1289e+09   2.9520e+00
2.1347e+09   2.9550e+00
2.1406e+09   2.9580e+00
2.1465e+09   2.9610e+00
2.1525e+09   2.9640e+00
2.1584e+09   2.9670e+00
2.1644e+09   2.9700e+00
2.1703e+09   2.9730e+00
2.1763e+09   2.9760e+00
2.1823e+09   2.9790e+00
2.1883e+09   2.9820e+00
2.1943e+09   2.9850e+00
2.2004e+09   2.9880e+00
2.2064e+09   2.9910e+00
2.2125e+09   2.9940e+00
2.2186e+09   2.9970e+00
2.2247e+09   3.0000e+00
2.2308e+09   3.0030e+00
2.2369e+09   3.0060e+00
2.2431e+09   3.0090e+00
2.2492e+09   3.0120e+00
2.2554e+09   3.0150e+00
2.2616e+09   3.0180e+00
2.2678e+09   3.0210e+00
2.2740e+09   3.0240e+00
2.2802e+09   3.0270e+00
2.2865e+09   3.0300e+00
2.2928e+09   3.0330e+00
2.2990e+09   3.0360e+00
2.3053e+09   3.0390e+00
2.3116e+09   3.0420e+00
2.3180e+09   3.0450e+00
2.3243e+09   3.0480e+00
2.3306e+09   3.0510e+00
2.3370e+09   3.0540e+00
2.3434e+09   3.0570e+00
2.3498e+09   3.0600e+00
2.3562e+09   3.0630e+00
2.3626e+09   3.0660e+00
2.3691e+09   3.0690e+00
2.3755e+09   3.0720e+00
2.3820e+09   3.0750e+00
2.3885e+09   3.0780e+00
2.3950e+09   3.0810e+00
2.4015e+09   3.0840e+00
2.4080e+09   3.0870e+00
2.4146e+09   3.0900e+00
2.4211e+09   3.0930e+00
2.4277e+09   3.0960e+00
2.4343e+09   3.0990e+00
2.4409e+09   3.1020e+00
2.4475e+09   3.1050e+00
2.4542e+09   3.1080e+00
2.4608e+09   3.1110e+00
2.4675e+09   3.1140e+00
2.4742e+09   3.1170e+00
2.4809e+09   3.1200e+00
2.4876e+09   3.1230e+00
2.4943e+09   3.1260e+00
2.5011e+09   3.1290e+00
2.5078e+09   3.1320e+00
2.5146e+09   3.1350e+00
2.5214e+09   3.1380e+00
2.5282e+09   3.1410e+00
2.5350e+09   3.1440e+00
2.5419e+09   3.1470e+00
2.5487e+09   3.1500e+00
2.5556e+09   3.1530e+00
2.5625e+09   3.1560e+00
2.5694e+09   3.1590e+00
2.5763e+09   3.1620e+00
2.5832e+09   3.1650e+00
2.5901e+09   3.1680e+00
2.5971e+09   3.1710e+00
2.6041e+09   3.1740e+00
2.6111e+09   3.1770e+00
2.6181e+09   3.1800e+00
2.6251e+09   3.1830e+00
2.6321e+09   3.1860e+00
2.6392e+09   3.1890e+00
2.6462e+09   3.1920e+00
2.6533e+09   3.1950e+00
2.6604e+09   3.1980e+00
2.6675e+09   3.2010e+00
2.6746e+09   3.2040e+00
2.6818e+09   3.2070e+00
2.6889e+09   3.2100e+00
2.6961e+09   3.2130e+00
2.7033e+09   3.2160e+00
2.7105e+09   3.2190e+00
2.7177e+09   3.2220e+00
2.7250e+09   3.2250e+00
2.7322e+09   3.2280e+00
2.7395e+09   3.2310e+00
2.7467e+09   3.2340e+00
2.7540e+09   3.2370e+00
2.7613e+09   3.2400e+00
2.7687e+09   3.2430e+00
2.7760e+09   3.2460e+00
2.7834e+09   3.2490e+00
2.7907e+09   3.2520e+00
2.7981e+09   3.2550e+00
2.8055e+09   3.2580e+00
2.8129e+09   3.2610e+00
2.8204e+09   3.2640e+00
2.8278e+09   3.2670e+00
2.8353e+09   3.2700e+00
2.8427e+09   3.2730e+00
2.8502e+09   3.2760e+00
2.8577e+09   3.2790e+00
2.8652e+09   3.2820e+00
2.8728e+09   3.2850e+00
2.8803e+09   3.2880e+00
2.8879e+09   3.2910e+00
2.8955e+09   3.2940e+00
2.9031e+09   3.2970e+00
2.9107e+09   3.3000e+00
2.9183e+09   3.3030e+00
2.9259e+09   3.3060e+00
2.9336e+09   3.3090e+00
2.9413e+09   3.3120e+00
2.9489e+09   3.3150e+00
2.9566e+09   3.3180e+00
2.9644e+09   3.3210e+00
2.9721e+09   3.3240e+00
2.9798e+09   3.3270e+00
2.9876e+09   3.3300e+00
2.9954e+09   3.3330e+00
3.0031e+09   3.3360e+00
3.0109e+09   3.3390e+00
3.0188e+09   3.3420e+00
3.0266e+09   3.3450e+00
3.0344e+09   3.3480e+00
3.0423e+09   3.3510e+00
3.0502e+09   3.3540e+00
3.0581e+09   3.3570e+00
3.0660e+09   3.3600e+00
3.0739e+09   3.3630e+00
3.0818e+09   3.3660e+00
3.0898e+09   3.3690e+00
3.0977e+09   3.3720e+00
3.1057e+09   3.3750e+00
3.1137e+09   3.3780e+00
3.1217e+09   3.3810e+00
3.1297e+09   3.3840e+00
3.1377e+09   3.3870e+00
3.1458e+09   3.3900e+00
3.1539e+09   3.3930e+00
3.1619e+09   3.3960e+00
3.1700e+09   3.3990e+00
3.1781e+09   3.4020e+00
3.1862e+09   3.4050e+00
3.1944e+09   3.4080e+00
3.2025e+09   3.4110e+00
3.2107e+09   3.4140e+00
3.2188e+09   3.4170e+00
3.2270e+09   3.4200e+00
3.2352e+09   3.4230e+00
3.2434e+09   3.4260e+00
3.2517e+09   3.4290e+00
3.2599e+09   3.4320e+00
3.2682e+09   3.4350e+00
3.2764e+09   3.4380e+00
3.2847e+09   3.4410e+00
3.2930e+09   3.4440e+00
3.3013e+09   3.4470e+00
3.3096e+09   3.4500e+00
3.3180e+09   3.4530e+00
3.3263e+09   3.4560e+00
3.3347e+09   3.4590e+00
3.3431e+09   3.4620e+00
3.3514e+09   3.4650e+00
3.3598e+09   3.4680e+00
3.3683e+09   3.4710e+00
3.3767e+09   3.4740e+00
3.3851e+09   3.4770e+00
3.3936e+09   3.4800e+00
3.4020e+09   3.4830e+00
3.4105e+09   3.4860e+00
3.4190e+09   3.4890e+00
3.4275e+09   3.4920e+00
3.4360e+09   3.4950e+00
3.4446e+09   3.4980e+00
3.4531e+09   3.5010e+00
3.4616e+09   3.5040e+00
3.4702e+09   3.5070e+00
3.4788e+09   3.5100e+00
3.4874e+09   3.5130e+00
3.4960e+09   3.5160e+00
3.5046e+09   3.5190e+00
3.5132e+09   3.5220e+00
3.5219e+09   3.5250e+00
3.5305e+09   3.5280e+00
3.5392e+09   3.5310e+00
3.5478e+09   3.5340e+00
3.5565e+09   3.5370e+00
3.5652e+09   3.5400e+00
3.5739e+09   3.5430e+00
3.5826e+09   3.5460e+00
3.5914e+09   3.5490e+00
3.6001e+09   3.5520e+00
3.6089e+09   3.5550e+00
3.6176e+09   3.5580e+00
3.6264e+09   3.5610e+00
3.6352e+09   3.5640e+00
3.6440e+09   3.5670e+00
3.6528e+09   3.5700e+00
3.6616e+09   3.5730e+00
3.6704e+09   3.5760e+00
3.6792e+09   3.5790e+00
3.6881e+09   3.5820e+00
3.6969e+09   3.5850e+00
3.7058e+09   3.5880e+00
3.7147e+09   3.5910e+00
3.7236e+09   3.5940e+00
3.7325e+09   3.5970e+00
3.7414e+09   3.6000e+00
3.7503e+09   3.6030e+00
3.7592e+09   3.6060e+00
3.7682e+09   3.6090e+00
3.7771e+09   3.6120e+00
3.7861e+09   3.6150e+00
3.7950e+09   3.6180e+00
3.8040e+09   3.6210e+00
3.8130e+09   3.6240e+00
3.8220e+09   3.6270e+00
3.8310e+09   3.6300e+00
3.8400e+09   3.6330e+00
3.8490e+09   3.6360e+00
3.8580e+09   3.6390e+00
3.8670e+09   3.6420e+00
3.8761e+09   3.6450e+00
3.8851e+09   3.6480e+00
3.8942e+09   3.6510e+00
3.9032e+09   3.6540e+00
3.9123e+09   3.6570e+00
3.9214e+09   3.6600e+00
3.9305e+09   3.6630e+00
3.9396e+09   3.6660e+00
3.9487e+09   3.6690e+00
3.9578e+09   3.6720e+00
3.9669e+09   3.6750e+00
3.9760e+09   3.6780e+00
3.9851e+09   3.6810e+00
3.9943e+09   3.6840e+00
4.0034e+09   3.6870e+00
4.0126e+09   3.6900e+00
4.0217e+09   3.6930e+00
4.0309e+09   3.6960e+00
4.0400e+09   3.6990e+00
4.0492e+09   3.7020e+00
4.0584e+09   3.7050e+00
4.0676e+09   3.7080e+00
4.0767e+09   3.7110e+00
4.0859e+09   3.7140e+00
4.0951e+09   3.7170e+00
4.1043e+09   3.7200e+00
4.1135e+09   3.7230e+00
4.1227e+09   3.7260e+00
4.1320e+09   3.7290e+00
4.1412e+09   3.7320e+00
4.1504e+09   3.7350e+00
4.1596e+09   3.7380e+00
4.1689e+09   3.7410e+00
4.1781e+09   3.7440e+00
4.1873e+09   3.7470e+00
4.1966e+09   3.7500e+00
4.2058e+09   3.7530e+00
4.2150e+09   3.7560e+00
4.2243e+09   3.7590e+00
4.2335e+09   3.7620e+00
4.2428e+09   3.7650e+00
4.2521e+09   3.7680e+00
4.2613e+09   3.7710e+00
4.2706e+09   3.7740e+00
4.2798e+09   3.7770e+00
4.2891e+09   3.7800e+00
4.2984e+09   3.7830e+00
4.3076e+09   3.7860e+00
4.3169e+09   3.7890e+00
4.3261e+09   3.7920e+00
4.3354e+09   3.7950e+00
4.3447e+09   3.7980e+00
4.3539e+09   3.8010e+00
4.3632e+09   3.8040e+00
4.3725e+09   3.8070e+00
4.3817e+09   3.8100e+00
4.3910e+09   3.8130e+00
4.4003e+09   3.8160e+00
4.4095e+09   3.8190e+00
4.4188e+09   3.8220e+00
4.4281e+09   3.8250e+00
4.4373e+09   3.8280e+00
4.4466e+09   3.8310e+00
4.4558e+09   3.8340e+00
4.4651e+09   3.8370e+00
4.4743e+09   3.8400e+00
4.4836e+09   3.8430e+00
4.4928e+09   3.8460e+00
4.5020e+09   3.8490e+00
4.5113e+09   3.8520e+00
4.5205e+09   3.8550e+00
4.5297e+09   3.8580e+00
4.5390e+09   3.8610e+00
4.5482e+09   3.8640e+00
4.5574e+09   3.8670e+00
4.5666e+09   3.8700e+00
4.5758e+09   3.8730e+00
4.5850e+09   3.8760e+00
4.5942e+09   3.8790e+00
4.6034e+09   3.8820e+00
4.6126e+09   3.8850e+00
4.6217e+09   3.8880e+00
4.6309e+09   3.8910e+00
4.6401e+09   3.8940e+00
4.6492e+09   3.8970e+00
4.6583e+09   3.9000e+00
4.6675e+09   3.9030e+00
4.6766e+09   3.9060e+00
4.6857e+09   3.9090e+00
4.6948e+09   3.9120e+00
4.7039e+09   3.9150e+00
4.7130e+09   3.9180e+00
4.7221e+09   3.9210e+00
4.7312e+09   3.9240e+00
4.7403e+09   3.9270e+00
4.7493e+09   3.9300e+00
4.7584e+09   3.9330e+00
4.7674e+09   3.9360e+00
4.7764e+09   3.9390e+00
4.7854e+09   3.9420e+00
4.7944e+09   3.9450e+00
4.8034e+09   3.9480e+00
4.8124e+09   3.9510e+00
4.8213e+09   3.9540e+00
4.8303e+09   3.9570e+00
4.8392e+09   3.9600e+00
4.8481e+09   3.9630e+00
4.8570e+09   3.9660e+00
4.8659e+09   3.9690e+00
4.8748e+09   3.9720e+00
4.8837e+09   3.9750e+00
4.8925e+09   3.9780e+00
4.9013e+09   3.9810e+00
4.9101e+09   3.9840e+00
4.9189e+09   3.9870e+00
4.9277e+09   3.9900e+00
4.9365e+09   3.9930e+00
4.9452e+09   3.9960e+00
4.9540e+09   3.9990e+00
4.9627e+09   4.0020e+00
4.9714e+09   4.0050e+00
4.9800e+09   4.0080e+00
4.9887e+09   4.0110e+00
4.9973e+09   4.0140e+00
5.0059e+09   4.0170e+00
5.0145e+09   4.0200e+00
5.0231e+09   4.0230e+00
5.0317e+09   4.0260e+00
5.0402e+09   4.0290e+00
5.0487e+09   4.0320e+00
5.0572e+09   4.0350e+00
5.0657e+09   4.0380e+00
5.0741e+09   4.0410e+00
5.0825e+09   4.0440e+00
5.0909e+09   4.0470e+00
5.0993e+09   4.0500e+00
5.1076e+09   4.0530e+00
5.1160e+09   4.0560e+00
5.1243e+09   4.0590e+00
5.1325e+09   4.0620e+00
5.1408e+09   4.0650e+00
5.1490e+09   4.0680e+00
5.1572e+09   4.0710e+00
5.1654e+09   4.0740e+00
5.1735e+09   4.0770e+00
5.1816e+09   4.0800e+00
5.1897e+09   4.0830e+00
5.1977e+09   4.0860e+00
5.2058e+09   4.0890e+00
5.2137e+09   4.0920e+00
5.2217e+09   4.0950e+00
5.2296e+09   4.0980e+00
5.2375e+09   4.1010e+00
5.2454e+09   4.1040e+00
5.2532e+09   4.1070e+00
5.2610e+09   4.1100e+00
5.2688e+09   4.1130e+00
5.2766e+09   4.1160e+00
5.2843e+09   4.1190e+00
5.2919e+09   4.1220e+00
5.2996e+09   4.1250e+00
5.3072e+09   4.1280e+00
5.3147e+09   4.1310e+00
5.3222e+09   4.1340e+00
5.3297e+09   4.1370e+00
5.3372e+09   4.1400e+00
5.3446e+09   4.1430e+00
5.3520e+09   4.1460e+00
5.3593e+09   4.1490e+00
5.3666e+09   4.1520e+00
5.3739e+09   4.1550e+00
5.3811e+09   4.1580e+00
5.3883e+09   4.1610e+00
5.3954e+09   4.1640e+00
5.4025e+09   4.1670e+00
5.4096e+09   4.1700e+00
5.4166e+09   4.1730e+00
5.4235e+09   4.1760e+00
5.4304e+09   4.1790e+00
5.4373e+09   4.1820e+00
5.4442e+09   4.1850e+00
5.4509e+09   4.1880e+00
5.4577e+09   4.1910e+00
5.4644e+09   4.1940e+00
5.4710e+09   4.1970e+00
5.4776e+09   4.2000e+00
5.4842e+09   4.2030e+00
5.4907e+09   4.2060e+00
5.4971e+09   4.2090e+00
5.5035e+09   4.2120e+00
5.5099e+09   4.2150e+00
5.5162e+09   4.2180e+00
5.5224e+09   4.2210e+00
5.5286e+09   4.2240e+00
5.5348e+09   4.2270e+00
5.5409e+09   4.2300e+00
5.5469e+09   4.2330e+00
5.5529e+09   4.2360e+00
5.5588e+09   4.2390e+00
5.5647e+09   4.2420e+00
5.5705e+09   4.2450e+00
5.5763e+09   4.2480e+00
5.5820e+09   4.2510e+00
5.5876e+09   4.2540e+00
5.5932e+09   4.2570e+00
5.5987e+09   4.2600e+00
5.6042e+09   4.2630e+00
5.6096e+09   4.2660e+00
5.6149e+09   4.2690e+00
5.6202e+09   4.2720e+00
5.6254e+09   4.2750e+00
5.6306e+09   4.2780e+00
5.6357e+09   4.2810e+00
5.6407e+09   4.2840e+00
5.6456e+09   4.2870e+00
5.6505e+09   4.2900e+00
5.6554e+09   4.2930e+00
5.6601e+09   4.2960e+00
5.6648e+09   4.2990e+00
5.6694e+09   4.3020e+00
5.6740e+09   4.3050e+00
5.6785e+09   4.3080e+00
5.6829e+09   4.3110e+00
5.6872e+09   4.3140e+00
5.6915e+09   4.3170e+00
5.6957e+09   4.3200e+00
5.6998e+09   4.3230e+00
5.7039e+09   4.3260e+00
5.7079e+09   4.3290e+00
5.7118e+09   4.3320e+00
5.7156e+09   4.3350e+00
5.7193e+09   4.3380e+00
5.7230e+09   4.3410e+00
5.7266e+09   4.3440e+00
5.7301e+09   4.3470e+00
5.7336e+09   4.3500e+00
5.7369e+09   4.3530e+00
5.7402e+09   4.3560e+00
5.7434e+09   4.3590e+00
5.7465e+09   4.3620e+00
5.7495e+09   4.3650e+00
5.7525e+09   4.3680e+00
5.7553e+09   4.3710e+00
5.7581e+09   4.3740e+00
5.7608e+09   4.3770e+00
5.7634e+09   4.3800e+00
5.7659e+09   4.3830e+00
5.7683e+09   4.3860e+00
5.7706e+09   4.3890e+00
5.7729e+09   4.3920e+00
5.7750e+09   4.3950e+00
5.7771e+09   4.3980e+00
5.7790e+09   4.4010e+00
5.7809e+09   4.4040e+00
5.7827e+09   4.4070e+00
5.7844e+09   4.4100e+00
5.7860e+09   4.4130e+00
5.7875e+09   4.4160e+00
5.7889e+09   4.4190e+00
5.7902e+09   4.4220e+00
5.7914e+09   4.4250e+00
5.7925e+09   4.4280e+00
5.7935e+09   4.4310e+00
5.7944e+09   4.4340e+00
5.7952e+09   4.4370e+00
5.7959e+09   4.4400e+00
5.7965e+09   4.4430e+00
5.7969e+09   4.4460e+00
5.7973e+09   4.4490e+00
5.7976e+09   4.4520e+00
5.7978e+09   4.4550e+00
5.7978e+09   4.4580e+00
5.7978e+09   4.4610e+00
5.7976e+09   4.4640e+00
5.7974e+09   4.4670e+00
5.7970e+09   4.4700e+00
5.7965e+09   4.4730e+00
5.7959e+09   4.4760e+00
5.7952e+09   4.4790e+00
5.7944e+09   4.4820e+00
5.7934e+09   4.4850e+00
5.7924e+09   4.4880e+00
5.7912e+09   4.4910e+00
5.7899e+09   4.4940e+00
5.7885e+09   4.4970e+00
5.7870e+09   4.5000e+00
5.7853e+09   4.5030e+00
5.7836e+09   4.5060e+00
5.7817e+09   4.5090e+00
5.7797e+09   4.5120e+00
5.7775e+09   4.5150e+00
5.7753e+09   4.5180e+00
5.7729e+09   4.5210e+00
5.7704e+09   4.5240e+00
5.7677e+09   4.5270e+00
5.7650e+09   4.5300e+00
5.7621e+09   4.5330e+00
5.7590e+09   4.5360e+00
5.7559e+09   4.5390e+00
5.7526e+09   4.5420e+00
5.7492e+09   4.5450e+00
5.7456e+09   4.5480e+00
5.7420e+09   4.5510e+00
5.7381e+09   4.5540e+00
5.7342e+09   4.5570e+00
5.7301e+09   4.5600e+00
5.7259e+09   4.5630e+00
5.7215e+09   4.5660e+00
5.7170e+09   4.5690e+00
5.7124e+09   4.5720e+00
5.7076e+09   4.5750e+00
5.7027e+09   4.5780e+00
5.6976e+09   4.5810e+00
5.6924e+09   4.5840e+00
5.6870e+09   4.5870e+00
5.6815e+09   4.5900e+00
5.6759e+09   4.5930e+00
5.6701e+09   4.5960e+00
5.6642e+09   4.5990e+00
5.6581e+09   4.6020e+00
5.6519e+09   4.6050e+00
5.6455e+09   4.6080e+00
5.6390e+09   4.6110e+00
5.6323e+09   4.6140e+00
5.6254e+09   4.6170e+00
5.6185e+09   4.6200e+00
5.6113e+09   4.6230e+00
5.6040e+09   4.6260e+00
5.5966e+09   4.6290e+00
5.5890e+09   4.6320e+00
5.5812e+09   4.6350e+00
5.5733e+09   4.6380e+00
5.5652e+09   4.6410e+00
5.5570e+09   4.6440e+00
5.5486e+09   4.6470e+00
5.5400e+09   4.6500e+00
5.5313e+09   4.6530e+00
5.5224e+09   4.6560e+00
5.5134e+09   4.6590e+00
5.5042e+09   4.6620e+00
5.4948e+09   4.6650e+00
5.4852e+09   4.6680e+00
5.4755e+09   4.6710e+00
5.4657e+09   4.6740e+00
5.4556e+09   4.6770e+00
5.4454e+09   4.6800e+00
5.4350e+09   4.6830e+00
5.4245e+09   4.6860e+00
5.4138e+09   4.6890e+00
5.4029e+09   4.6920e+00
5.3918e+09   4.6950e+00
5.3806e+09   4.6980e+00
5.3692e+09   4.7010e+00
5.3576e+09   4.7040e+00
5.3458e+09   4.7070e+00
5.3339e+09   4.7100e+00
5.3218e+09   4.7130e+00
5.3095e+09   4.7160e+00
5.2971e+09   4.7190e+00
5.2844e+09   4.7220e+00
5.2716e+09   4.7250e+00
5.2586e+09   4.7280e+00
5.2454e+09   4.7310e+00
5.2321e+09   4.7340e+00
5.2185e+09   4.7370e+00
5.2048e+09   4.7400e+00
5.1909e+09   4.7430e+00
5.1768e+09   4.7460e+00
5.1626e+09   4.7490e+00
5.1481e+09   4.7520e+00
5.1335e+09   4.7550e+00
5.1187e+09   4.7580e+00
5.1037e+09   4.7610e+00
5.0885e+09   4.7640e+00
5.0731e+09   4.7670e+00
5.0575e+09   4.7700e+00
5.0418e+09   4.7730e+00
5.0259e+09   4.7760e+00
5.0097e+09   4.7790e+00
4.9934e+09   4.7820e+00
4.9769e+09   4.7850e+00
4.9602e+09   4.7880e+00
4.9434e+09   4.7910e+00
4.9263e+09   4.7940e+00
4.9090e+09   4.7970e+00
4.8916e+09   4.8000e+00
4.8740e+09   4.8030e+00
4.8561e+09   4.8060e+00
4.8381e+09   4.8090e+00
4.8199e+09   4.8120e+00
4.8015e+09   4.8150e+00
4.7829e+09   4.8180e+00
4.7641e+09   4.8210e+00
4.7452e+09   4.8240e+00
4.7260e+09   4.8270e+00
4.7067e+09   4.8300e+00
4.6871e+09   4.8330e+00
4.6674e+09   4.8360e+00
4.6474e+09   4.8390e+00
4.6273e+09   4.8420e+00
4.6070e+09   4.8450e+00
4.5865e+09   4.8480e+00
4.5658e+09   4.8510e+00
4.5449e+09   4.8540e+00
4.5238e+09   4.8570e+00
4.5025e+09   4.8600e+00
4.4811e+09   4.8630e+00
4.4594e+09   4.8660e+00
4.4376e+09   4.8690e+00
4.4155e+09   4.8720e+00
4.3933e+09   4.8750e+00
4.3709e+09   4.8780e+00
4.3483e+09   4.8810e+00
4.3255e+09   4.8840e+00
4.3025e+09   4.8870e+00
4.2793e+09   4.8900e+00
4.2560e+09   4.8930e+00
4.2324e+09   4.8960e+00
4.2087e+09   4.8990e+00
4.1848e+09   4.9020e+00
4.1607e+09   4.9050e+00
4.1364e+09   4.9080e+00
4.1119e+09   4.9110e+00
4.0872e+09   4.9140e+00
4.0624e+09   4.9170e+00
4.0373e+09   4.9200e+00
4.0121e+09   4.9230e+00
3.9867e+09   4.9260e+00
3.9612e+09   4.9290e+00
3.9354e+09   4.9320e+00
3.9095e+09   4.9350e+00
3.8834e+09   4.9380e+00
3.8571e+09   4.9410e+00
3.8307e+09   4.9440e+00
3.8040e+09   4.9470e+00
3.7772e+09   4.9500e+00
3.7503e+09   4.9530e+00
3.7231e+09   4.9560e+00
3.6958e+09   4.9590e+00
3.6683e+09   4.9620e+00
3.6407e+09   4.9650e+00
3.6129e+09   4.9680e+00
3.5849e+09   4.9710e+00
3.5568e+09   4.9740e+00
3.5285e+09   4.9770e+00
3.5000e+09   4.9800e+00
3.4714e+09   4.9830e+00
3.4426e+09   4.9860e+00
3.4137e+09   4.9890e+00
3.3846e+09   4.9920e+00
3.3554e+09   4.9950e+00
3.3260e+09   4.9980e+00
3.2965e+09   5.0010e+00
3.2669e+09   5.0040e+00
3.2371e+09   5.0070e+00
3.2071e+09   5.0100e+00
3.1770e+09   5.0130e+00
3.1468e+09   5.0160e+00
3.1165e+09   5.0190e+00
3.0860e+09   5.0220e+00
3.0554e+09   5.0250e+00
3.0247e+09   5.0280e+00
2.9938e+09   5.0310e+00
2.9629e+09   5.0340e+00
2.9318e+09   5.0370e+00
2.9006e+09   5.0400e+00
2.8693e+09   5.0430e+00
2.8378e+09   5.0460e+00
2.8063e+09   5.0490e+00
2.7747e+09   5.0520e+00
2.7429e+09   5.0550e+00
2.7111e+09   5.0580e+00
2.6792e+09   5.0610e+00
2.6472e+09   5.0640e+00
2.6151e+09   5.0670e+00
2.5829e+09   5.0700e+00
2.5507e+09   5.0730e+00
2.5183e+09   5.0760e+00
2.4859e+09   5.0790e+00
2.4535e+09   5.0820e+00
2.4209e+09   5.0850e+00
2.3883e+09   5.0880e+00
2.3557e+09   5.0910e+00
2.3230e+09   5.0940e+00
2.2902e+09   5.0970e+00
2.2574e+09   5.1000e+00
2.2246e+09   5.1030e+00
2.1917e+09   5.1060e+00
2.1588e+09   5.1090e+00
2.1259e+09   5.1120e+00
2.0930e+09   5.1150e+00
2.0600e+09   5.1180e+00
2.0270e+09   5.1210e+00
1.9941e+09   5.1240e+00
1.9611e+09   5.1270e+00
1.9281e+09   5.1300e+00
1.8952e+09   5.1330e+00
1.8622e+09   5.1360e+00
1.8293e+09   5.1390e+00
1.7964e+09   5.1420e+00
1.7636e+09   5.1450e+00
1.7308e+09   5.1480e+00
1.6980e+09   5.1510e+00
1.6653e+09   5.1540e+00
1.6326e+09   5.1570e+00
1.6000e+09   5.1600e+00
1.5675e+09   5.1630e+00
1.5350e+09   5.1660e+00
1.5027e+09   5.1690e+00
1.4704e+09   5.1720e+00
1.4382e+09   5.1750e+00
1.4061e+09   5.1780e+00
1.3742e+09   5.1810e+00
1.3423e+09   5.1840e+00
1.3106e+09   5.1870e+00
1.2790e+09   5.1900e+00
1.2476e+09   5.1930e+00
1.2163e+09   5.1960e+00
1.1852e+09   5.1990e+00
1.1542e+09   5.2020e+00
1.1234e+09   5.2050e+00
1.0928e+09   5.2080e+00
1.0624e+09   5.2110e+00
1.0321e+09   5.2140e+00
1.0021e+09   5.2170e+00
9.7235e+08   5.2200e+00
9.4278e+08   5.2230e+00
9.1346e+08   5.2260e+00
8.8438e+08   5.2290e+00
8.5556e+08   5.2320e+00
8.2701e+08   5.2350e+00
7.9873e+08   5.2380e+00
7.7074e+08   5.2410e+00
7.4305e+08   5.2440e+00
7.1567e+08   5.2470e+00
6.8861e+08   5.2500e+00
6.6189e+08   5.2530e+00
6.3550e+08   5.2560e+00
6.0948e+08   5.2590e+00
5.8382e+08   5.2620e+00
5.5854e+08   5.2650e+00
5.3365e+08   5.2680e+00
5.0917e+08   5.2710e+00
4.8511e+08   5.2740e+00
4.6149e+08   5.2770e+00
4.3831e+08   5.2800e+00
4.1559e+08   5.2830e+00
3.9335e+08   5.2860e+00
3.7159e+08   5.2890e+00
3.5035e+08   5.2920e+00
3.2962e+08   5.2950e+00
3.0943e+08   5.2980e+00
2.8979e+08   5.3010e+00
2.7072e+08   5.3040e+00
2.5223e+08   5.3070e+00
2.3434e+08   5.3100e+00
2.1706e+08   5.3130e+00
2.0042e+08   5.3160e+00
1.8442e+08   5.3190e+00
1.6907e+08   5.3220e+00
1.5440e+08   5.3250e+00
1.4041e+08   5.3280e+00
1.2712e+08   5.3310e+00
1.1454e+08   5.3340e+00
1.0266e+08   5.3370e+00
9.1500e+07   5.3400e+00
8.1059e+07   5.3430e+00
7.1335e+07   5.3460e+00
6.2325e+07   5.3490e+00
5.4020e+07   5.3520e+00
4.6408e+07   5.3550e+00
3.9474e+07   5.3580e+00
3.3198e+07   5.3610e+00
2.7558e+07   5.3640e+00
2.2528e+07   5.3670e+00
1.8078e+07   5.3700e+00
1.4179e+07   5.3730e+00
1.0801e+07   5.3760e+00
7.9110e+06   5.3790e+00
5.4817e+06   5.3820e+00
3.4860e+06   5.3850e+00
1.9000e+06   5.3880e+00
6.9780e+05   5.3910e+00
