Dia: 1.1 m | Vel: 33.5 km/s | theta: 22.5 deg | Strength: 1.0e+05 Pa
Power (W)    Time (sec)
9.9949e+09   3.0000e-03
1.0031e+10   6.0000e-03
1.0067e+10   9.0000e-03
1.0103e+10   1.2000e-02
1.0140e+10   1.5000e-02
1.0176e+10   1.8000e-02
1.0213e+10   2.1000e-02
1.0250e+10   2.4000e-02
1.0287e+10   2.7000e-02
1.0324e+10   3.0000e-02
1.0361e+10   3.3000e-02
1.0399e+10   3.6000e-02
1.0436e+10   3.9000e-02
1.0474e+10   4.2000e-02
1.0512e+10   4.5000e-02
1.0550e+10   4.8000e-02
1.0588e+10   5.1000e-02
1.0626e+10   5.4000e-02
1.0665e+10   5.7000e-02
1.0703e+10   6.0000e-02
1.0742e+10   6.3000e-02
1.0781e+10   6.6000e-02
1.0820e+10   6.9000e-02
1.0859e+10   7.2000e-02
1.0898e+10   7.5000e-02
1.0938e+10   7.8000e-02
1.0977e+10   8.1000e-02
1.1017e+10   8.4000e-02
1.1057e+10   8.7000e-02
1.1097e+10   9.0000e-02
1.1137e+10   9.3000e-02
1.1177e+10   9.6000e-02
1.1218e+10   9.9000e-02
1.1258e+10   1.0200e-01
1.1299e+10   1.0500e-01
1.1340e+10   1.0800e-01
1.1381e+10   1.1100e-01
1.1422e+10   1.1400e-01
1.1464e+10   1.1700e-01
1.1505e+10   1.2000e-01
1.1547e+10   1.2300e-01
1.1589e+10   1.2600e-01
1.1631e+10   1.2900e-01
1.1673e+10   1.3200e-01
1.1715e+10   1.3500e-01
1.1758e+10   1.3800e-01
1.1800e+10   1.4100e-01
1.1843e+10   1.4400e-01
1.1886e+10   1.4700e-01
1.1929e+10   1.5000e-01
1.1972e+10   1.5300e-01
1.2016e+10   1.5600e-01
1.2059e+10   1.5900e-01
1.2103e+10   1.6200e-01
1.2147e+10   1.6500e-01
1.2191e+10   1.6800e-01
1.2235e+10   1.7100e-01
1.2280e+10   1.7400e-01
1.2324e+10   1.7700e-01
1.2369e+10   1.8000e-01
1.2414e+10   1.8300e-01
1.2459e+10   1.8600e-01
1.2504e+10   1.8900e-01
1.2550e+10   1.9200e-01
1.2595e+10   1.9500e-01
1.2641e+10   1.9800e-01
1.2687e+10   2.0100e-01
1.2733e+10   2.0400e-01
1.2779e+10   2.0700e-01
1.2826e+10   2.1000e-01
1.2872e+10   2.1300e-01
1.2919e+10   2.1600e-01
1.2966e+10   2.1900e-01
1.3013e+10   2.2200e-01
1.3060e+10   2.2500e-01
1.3108e+10   2.2800e-01
1.3156e+10   2.3100e-01
1.3203e+10   2.3400e-01
1.3251e+10   2.3700e-01
1.3300e+10   2.4000e-01
1.3348e+10   2.4300e-01
1.3397e+10   2.4600e-01
1.3445e+10   2.4900e-01
1.3494e+10   2.5200e-01
1.3543e+10   2.5500e-01
1.3593e+10   2.5800e-01
1.3642e+10   2.6100e-01
1.3692e+10   2.6400e-01
1.3742e+10   2.6700e-01
1.3792e+10   2.7000e-01
1.3842e+10   2.7300e-01
1.3892e+10   2.7600e-01
1.3943e+10   2.7900e-01
1.3993e+10   2.8200e-01
1.4044e+10   2.8500e-01
1.4096e+10   2.8800e-01
1.4147e+10   2.9100e-01
1.4198e+10   2.9400e-01
1.4250e+10   2.9700e-01
1.4302e+10   3.0000e-01
1.4354e+10   3.0300e-01
1.4406e+10   3.0600e-01
1.4459e+10   3.0900e-01
1.4512e+10   3.1200e-01
1.4565e+10   3.1500e-01
1.4618e+10   3.1800e-01
1.4671e+10   3.2100e-01
1.4724e+10   3.2400e-01
1.4778e+10   3.2700e-01
1.4832e+10   3.3000e-01
1.4886e+10   3.3300e-01
1.4940e+10   3.3600e-01
1.4995e+10   3.3900e-01
1.5049e+10   3.4200e-01
1.5104e+10   3.4500e-01
1.5159e+10   3.4800e-01
1.5215e+10   3.5100e-01
1.5270e+10   3.5400e-01
1.5326e+10   3.5700e-01
1.5382e+10   3.6000e-01
1.5438e+10   3.6300e-01
1.5494e+10   3.6600e-01
1.5551e+10   3.6900e-01
1.5607e+10   3.7200e-01
1.5664e+10   3.7500e-01
1.5721e+10   3.7800e-01
1.5779e+10   3.8100e-01
1.5836e+10   3.8400e-01
1.5894e+10   3.8700e-01
1.5952e+10   3.9000e-01
1.6010e+10   3.9300e-01
1.6069e+10   3.9600e-01
1.6127e+10   3.9900e-01
1.6186e+10   4.0200e-01
1.6245e+10   4.0500e-01
1.6305e+10   4.0800e-01
1.6364e+10   4.1100e-01
1.6424e+10   4.1400e-01
1.6484e+10   4.1700e-01
1.6544e+10   4.2000e-01
1.6604e+10   4.2300e-01
1.6665e+10   4.2600e-01
1.6726e+10   4.2900e-01
1.6787e+10   4.3200e-01
1.6848e+10   4.3500e-01
1.6910e+10   4.3800e-01
1.6971e+10   4.4100e-01
1.7033e+10   4.4400e-01
1.7096e+10   4.4700e-01
1.7158e+10   4.5000e-01
1.7221e+10   4.5300e-01
1.7284e+10   4.5600e-01
1.7347e+10   4.5900e-01
1.7410e+10   4.6200e-01
1.7474e+10   4.6500e-01
1.7537e+10   4.6800e-01
1.7601e+10   4.7100e-01
1.7666e+10   4.7400e-01
1.7730e+10   4.7700e-01
1.7795e+10   4.8000e-01
1.7860e+10   4.8300e-01
1.7925e+10   4.8600e-01
1.7991e+10   4.8900e-01
1.8056e+10   4.9200e-01
1.8122e+10   4.9500e-01
1.8189e+10   4.9800e-01
1.8255e+10   5.0100e-01
1.8322e+10   5.0400e-01
1.8389e+10   5.0700e-01
1.8456e+10   5.1000e-01
1.8523e+10   5.1300e-01
1.8591e+10   5.1600e-01
1.8659e+10   5.1900e-01
1.8727e+10   5.2200e-01
1.8795e+10   5.2500e-01
1.8864e+10   5.2800e-01
1.8933e+10   5.3100e-01
1.9002e+10   5.3400e-01
1.9071e+10   5.3700e-01
1.9141e+10   5.4000e-01
1.9211e+10   5.4300e-01
1.9281e+10   5.4600e-01
1.9352e+10   5.4900e-01
1.9422e+10   5.5200e-01
1.9493e+10   5.5500e-01
1.9564e+10   5.5800e-01
1.9636e+10   5.6100e-01
1.9708e+10   5.6400e-01
1.9779e+10   5.6700e-01
1.9852e+10   5.7000e-01
1.9924e+10   5.7300e-01
1.9997e+10   5.7600e-01
2.0070e+10   5.7900e-01
2.0143e+10   5.8200e-01
2.0217e+10   5.8500e-01
2.0291e+10   5.8800e-01
2.0365e+10   5.9100e-01
2.0439e+10   5.9400e-01
2.0514e+10   5.9700e-01
2.0589e+10   6.0000e-01
2.0664e+10   6.0300e-01
2.0739e+10   6.0600e-01
2.0815e+10   6.0900e-01
2.0891e+10   6.1200e-01
2.0967e+10   6.1500e-01
2.1044e+10   6.1800e-01
2.1121e+10   6.2100e-01
2.1198e+10   6.2400e-01
2.1275e+10   6.2700e-01
2.1353e+10   6.3000e-01
2.1431e+10   6.3300e-01
2.1509e+10   6.3600e-01
2.1587e+10   6.3900e-01
2.1666e+10   6.4200e-01
2.1745e+10   6.4500e-01
2.1824e+10   6.4800e-01
2.1904e+10   6.5100e-01
2.1984e+10   6.5400e-01
2.2064e+10   6.5700e-01
2.2145e+10   6.6000e-01
2.2225e+10   6.6300e-01
2.2306e+10   6.6600e-01
2.2388e+10   6.6900e-01
2.2469e+10   6.7200e-01
2.2551e+10   6.7500e-01
2.2633e+10   6.7800e-01
2.2716e+10   6.8100e-01
2.2799e+10   6.8400e-01
2.2882e+10   6.8700e-01
2.2965e+10   6.9000e-01
2.3049e+10   6.9300e-01
2.3133e+10   6.9600e-01
2.3217e+10   6.9900e-01
2.3302e+10   7.0200e-01
2.3387e+10   7.0500e-01
2.3472e+10   7.0800e-01
2.3557e+10   7.1100e-01
2.3643e+10   7.1400e-01
2.3729e+10   7.1700e-01
2.3816e+10   7.2000e-01
2.3903e+10   7.2300e-01
2.3990e+10   7.2600e-01
2.4077e+10   7.2900e-01
2.4165e+10   7.3200e-01
2.4252e+10   7.3500e-01
2.4341e+10   7.3800e-01
2.4429e+10   7.4100e-01
2.4518e+10   7.4400e-01
2.4607e+10   7.4700e-01
2.4697e+10   7.5000e-01
2.4787e+10   7.5300e-01
2.4877e+10   7.5600e-01
2.4967e+10   7.5900e-01
2.5058e+10   7.6200e-01
2.5149e+10   7.6500e-01
2.5241e+10   7.6800e-01
2.5332e+10   7.7100e-01
2.5424e+10   7.7400e-01
2.5517e+10   7.7700e-01
2.5610e+10   7.8000e-01
2.5703e+10   7.8300e-01
2.5796e+10   7.8600e-01
2.5890e+10   7.8900e-01
2.5984e+10   7.9200e-01
2.6078e+10   7.9500e-01
2.6173e+10   7.9800e-01
2.6268e+10   8.0100e-01
2.6363e+10   8.0400e-01
2.6459e+10   8.0700e-01
2.6555e+10   8.1000e-01
2.6651e+10   8.1300e-01
2.6748e+10   8.1600e-01
2.6845e+10   8.1900e-01
2.6942e+10   8.2200e-01
2.7040e+10   8.2500e-01
2.7138e+10   8.2800e-01
2.7236e+10   8.3100e-01
2.7335e+10   8.3400e-01
2.7434e+10   8.3700e-01
2.7533e+10   8.4000e-01
2.7633e+10   8.4300e-01
2.7733e+10   8.4600e-01
2.7833e+10   8.4900e-01
2.7934e+10   8.5200e-01
2.8035e+10   8.5500e-01
2.8137e+10   8.5800e-01
2.8238e+10   8.6100e-01
2.8341e+10   8.6400e-01
2.8443e+10   8.6700e-01
2.8546e+10   8.7000e-01
2.8649e+10   8.7300e-01
2.8753e+10   8.7600e-01
2.8856e+10   8.7900e-01
2.8961e+10   8.8200e-01
2.9065e+10   8.8500e-01
2.9170e+10   8.8800e-01
2.9276e+10   8.9100e-01
2.9381e+10   8.9400e-01
2.9487e+10   8.9700e-01
2.9594e+10   9.0000e-01
2.9700e+10   9.0300e-01
2.9808e+10   9.0600e-01
2.9915e+10   9.0900e-01
3.0023e+10   9.1200e-01
3.0131e+10   9.1500e-01
3.0240e+10   9.1800e-01
3.0349e+10   9.2100e-01
3.0458e+10   9.2400e-01
3.0568e+10   9.2700e-01
3.0678e+10   9.3000e-01
3.0788e+10   9.3300e-01
3.0899e+10   9.3600e-01
3.1010e+10   9.3900e-01
3.1121e+10   9.4200e-01
3.1233e+10   9.4500e-01
3.1346e+10   9.4800e-01
3.1458e+10   9.5100e-01
3.1571e+10   9.5400e-01
3.1685e+10   9.5700e-01
3.1798e+10   9.6000e-01
3.1913e+10   9.6300e-01
3.2027e+10   9.6600e-01
3.2142e+10   9.6900e-01
3.2257e+10   9.7200e-01
3.2373e+10   9.7500e-01
3.2489e+10   9.7800e-01
3.2605e+10   9.8100e-01
3.2722e+10   9.8400e-01
3.2839e+10   9.8700e-01
3.2957e+10   9.9000e-01
3.3075e+10   9.9300e-01
3.3193e+10   9.9600e-01
3.3312e+10   9.9900e-01
3.3431e+10   1.0020e+00
3.3550e+10   1.0050e+00
3.3670e+10   1.0080e+00
3.3791e+10   1.0110e+00
3.3911e+10   1.0140e+00
3.4032e+10   1.0170e+00
3.4154e+10   1.0200e+00
3.4276e+10   1.0230e+00
3.4398e+10   1.0260e+00
3.4521e+10   1.0290e+00
3.4644e+10   1.0320e+00
3.4767e+10   1.0350e+00
3.4891e+10   1.0380e+00
3.5015e+10   1.0410e+00
3.5140e+10   1.0440e+00
3.5265e+10   1.0470e+00
3.5390e+10   1.0500e+00
3.5516e+10   1.0530e+00
3.5642e+10   1.0560e+00
3.5769e+10   1.0590e+00
3.5896e+10   1.0620e+00
3.6023e+10   1.0650e+00
3.6151e+10   1.0680e+00
3.6279e+10   1.0710e+00
3.6408e+10   1.0740e+00
3.6537e+10   1.0770e+00
3.6666e+10   1.0800e+00
3.6796e+10   1.0830e+00
3.6926e+10   1.0860e+00
3.7057e+10   1.0890e+00
3.7188e+10   1.0920e+00
3.7319e+10   1.0950e+00
3.7451e+10   1.0980e+00
3.7584e+10   1.1010e+00
3.7716e+10   1.1040e+00
3.7849e+10   1.1070e+00
3.7983e+10   1.1100e+00
3.8117e+10   1.1130e+00
3.8251e+10   1.1160e+00
3.8386e+10   1.1190e+00
3.8521e+10   1.1220e+00
3.8657e+10   1.1250e+00
3.8793e+10   1.1280e+00
3.8929e+10   1.1310e+00
3.9066e+10   1.1340e+00
3.9203e+10   1.1370e+00
3.9341e+10   1.1400e+00
3.9479e+10   1.1430e+00
3.9617e+10   1.1460e+00
3.9756e+10   1.1490e+00
3.9896e+10   1.1520e+00
4.0035e+10   1.1550e+00
4.0176e+10   1.1580e+00
4.0316e+10   1.1610e+00
4.0457e+10   1.1640e+00
4.0599e+10   1.1670e+00
4.0740e+10   1.1700e+00
4.0883e+10   1.1730e+00
4.1025e+10   1.1760e+00
4.1168e+10   1.1790e+00
4.1312e+10   1.1820e+00
4.1456e+10   1.1850e+00
4.1600e+10   1.1880e+00
4.1745e+10   1.1910e+00
4.1890e+10   1.1940e+00
4.2036e+10   1.1970e+00
4.2182e+10   1.2000e+00
4.2328e+10   1.2030e+00
4.2475e+10   1.2060e+00
6.7477e+10   1.2090e+00
6.7760e+10   1.2120e+00
6.7982e+10   1.2150e+00
6.8204e+10   1.2180e+00
6.8427e+10   1.2210e+00
6.8650e+10   1.2240e+00
6.8874e+10   1.2270e+00
6.9098e+10   1.2300e+00
6.9323e+10   1.2330e+00
6.9548e+10   1.2360e+00
6.9774e+10   1.2390e+00
7.0000e+10   1.2420e+00
7.0227e+10   1.2450e+00
7.0454e+10   1.2480e+00
7.0682e+10   1.2510e+00
7.0910e+10   1.2540e+00
7.1139e+10   1.2570e+00
7.1368e+10   1.2600e+00
7.1598e+10   1.2630e+00
7.1828e+10   1.2660e+00
7.2059e+10   1.2690e+00
7.2290e+10   1.2720e+00
7.2522e+10   1.2750e+00
7.2754e+10   1.2780e+00
7.2987e+10   1.2810e+00
7.3220e+10   1.2840e+00
7.3454e+10   1.2870e+00
7.3688e+10   1.2900e+00
7.3923e+10   1.2930e+00
7.4158e+10   1.2960e+00
7.4393e+10   1.2990e+00
7.4630e+10   1.3020e+00
7.4866e+10   1.3050e+00
7.5103e+10   1.3080e+00
7.5340e+10   1.3110e+00
7.5578e+10   1.3140e+00
7.5817e+10   1.3170e+00
7.6056e+10   1.3200e+00
7.6295e+10   1.3230e+00
7.6535e+10   1.3260e+00
7.6775e+10   1.3290e+00
7.7015e+10   1.3320e+00
7.7257e+10   1.3350e+00
7.7498e+10   1.3380e+00
7.7740e+10   1.3410e+00
7.7982e+10   1.3440e+00
7.8225e+10   1.3470e+00
7.8468e+10   1.3500e+00
7.8712e+10   1.3530e+00
7.8956e+10   1.3560e+00
7.9201e+10   1.3590e+00
7.9446e+10   1.3620e+00
7.9691e+10   1.3650e+00
7.9937e+10   1.3680e+00
8.0183e+10   1.3710e+00
8.0429e+10   1.3740e+00
8.0676e+10   1.3770e+00
8.0924e+10   1.3800e+00
8.1171e+10   1.3830e+00
8.1419e+10   1.3860e+00
8.1668e+10   1.3890e+00
8.1917e+10   1.3920e+00
8.2166e+10   1.3950e+00
8.2416e+10   1.3980e+00
8.2666e+10   1.4010e+00
8.2916e+10   1.4040e+00
8.3167e+10   1.4070e+00
8.3418e+10   1.4100e+00
8.3669e+10   1.4130e+00
8.3921e+10   1.4160e+00
8.4173e+10   1.4190e+00
8.4425e+10   1.4220e+00
8.4678e+10   1.4250e+00
8.4931e+10   1.4280e+00
8.5185e+10   1.4310e+00
8.5438e+10   1.4340e+00
8.5692e+10   1.4370e+00
8.5947e+10   1.4400e+00
8.6201e+10   1.4430e+00
8.6456e+10   1.4460e+00
8.6712e+10   1.4490e+00
8.6967e+10   1.4520e+00
8.7223e+10   1.4550e+00
8.7479e+10   1.4580e+00
8.7736e+10   1.4610e+00
8.7992e+10   1.4640e+00
8.8249e+10   1.4670e+00
8.8506e+10   1.4700e+00
8.8764e+10   1.4730e+00
8.9021e+10   1.4760e+00
8.9279e+10   1.4790e+00
8.9537e+10   1.4820e+00
8.9796e+10   1.4850e+00
9.0054e+10   1.4880e+00
9.0313e+10   1.4910e+00
9.0572e+10   1.4940e+00
9.0831e+10   1.4970e+00
9.1091e+10   1.5000e+00
9.1350e+10   1.5030e+00
9.1610e+10   1.5060e+00
9.1870e+10   1.5090e+00
7.3141e+10   1.5120e+00
7.3347e+10   1.5150e+00
7.3554e+10   1.5180e+00
7.3761e+10   1.5210e+00
7.3968e+10   1.5240e+00
7.4175e+10   1.5270e+00
7.4382e+10   1.5300e+00
7.4590e+10   1.5330e+00
7.4797e+10   1.5360e+00
7.5004e+10   1.5390e+00
7.5212e+10   1.5420e+00
7.5420e+10   1.5450e+00
7.5627e+10   1.5480e+00
7.5835e+10   1.5510e+00
7.6043e+10   1.5540e+00
7.6251e+10   1.5570e+00
7.6458e+10   1.5600e+00
7.6666e+10   1.5630e+00
7.6874e+10   1.5660e+00
7.7082e+10   1.5690e+00
7.7290e+10   1.5720e+00
7.7498e+10   1.5750e+00
7.7706e+10   1.5780e+00
7.7914e+10   1.5810e+00
7.8122e+10   1.5840e+00
7.8330e+10   1.5870e+00
7.8538e+10   1.5900e+00
7.8746e+10   1.5930e+00
7.8953e+10   1.5960e+00
7.9161e+10   1.5990e+00
7.9369e+10   1.6020e+00
7.9576e+10   1.6050e+00
7.9784e+10   1.6080e+00
7.9991e+10   1.6110e+00
8.0199e+10   1.6140e+00
8.0406e+10   1.6170e+00
8.0613e+10   1.6200e+00
8.0820e+10   1.6230e+00
8.1027e+10   1.6260e+00
8.1234e+10   1.6290e+00
8.1440e+10   1.6320e+00
8.1647e+10   1.6350e+00
8.1853e+10   1.6380e+00
8.2059e+10   1.6410e+00
8.2265e+10   1.6440e+00
8.2471e+10   1.6470e+00
8.2676e+10   1.6500e+00
8.2882e+10   1.6530e+00
8.3087e+10   1.6560e+00
8.3292e+10   1.6590e+00
8.3496e+10   1.6620e+00
8.3701e+10   1.6650e+00
8.3905e+10   1.6680e+00
8.4109e+10   1.6710e+00
8.4312e+10   1.6740e+00
8.4516e+10   1.6770e+00
8.4719e+10   1.6800e+00
8.4921e+10   1.6830e+00
8.5124e+10   1.6860e+00
8.5326e+10   1.6890e+00
8.5527e+10   1.6920e+00
8.5729e+10   1.6950e+00
8.5930e+10   1.6980e+00
8.6130e+10   1.7010e+00
8.6331e+10   1.7040e+00
8.6530e+10   1.7070e+00
8.6730e+10   1.7100e+00
8.6929e+10   1.7130e+00
8.7128e+10   1.7160e+00
8.7326e+10   1.7190e+00
8.7523e+10   1.7220e+00
8.7721e+10   1.7250e+00
8.7917e+10   1.7280e+00
8.8114e+10   1.7310e+00
8.8309e+10   1.7340e+00
8.8505e+10   1.7370e+00
8.8699e+10   1.7400e+00
8.8894e+10   1.7430e+00
8.9087e+10   1.7460e+00
8.9280e+10   1.7490e+00
8.9473e+10   1.7520e+00
8.9665e+10   1.7550e+00
8.9856e+10   1.7580e+00
9.0047e+10   1.7610e+00
9.0237e+10   1.7640e+00
9.0426e+10   1.7670e+00
9.0615e+10   1.7700e+00
9.0803e+10   1.7730e+00
9.0990e+10   1.7760e+00
9.1177e+10   1.7790e+00
9.1363e+10   1.7820e+00
9.1548e+10   1.7850e+00
9.1732e+10   1.7880e+00
9.1916e+10   1.7910e+00
9.2099e+10   1.7940e+00
9.2281e+10   1.7970e+00
9.2462e+10   1.8000e+00
9.2643e+10   1.8030e+00
9.2823e+10   1.8060e+00
9.3001e+10   1.8090e+00
9.3179e+10   1.8120e+00
9.3356e+10   1.8150e+00
9.3532e+10   1.8180e+00
9.3708e+10   1.8210e+00
9.3882e+10   1.8240e+00
9.4055e+10   1.8270e+00
9.4228e+10   1.8300e+00
9.4399e+10   1.8330e+00
9.4569e+10   1.8360e+00
9.4739e+10   1.8390e+00
9.4907e+10   1.8420e+00
9.5074e+10   1.8450e+00
9.5240e+10   1.8480e+00
9.5406e+10   1.8510e+00
9.5570e+10   1.8540e+00
9.5732e+10   1.8570e+00
9.5894e+10   1.8600e+00
9.6055e+10   1.8630e+00
9.6214e+10   1.8660e+00
9.6372e+10   1.8690e+00
9.6529e+10   1.8720e+00
9.6685e+10   1.8750e+00
9.6840e+10   1.8780e+00
9.6993e+10   1.8810e+00
9.7145e+10   1.8840e+00
9.7295e+10   1.8870e+00
9.7444e+10   1.8900e+00
9.7592e+10   1.8930e+00
9.7739e+10   1.8960e+00
9.7884e+10   1.8990e+00
9.8028e+10   1.9020e+00
9.8170e+10   1.9050e+00
9.8311e+10   1.9080e+00
9.8450e+10   1.9110e+00
9.8588e+10   1.9140e+00
9.8725e+10   1.9170e+00
9.8859e+10   1.9200e+00
9.8993e+10   1.9230e+00
9.9124e+10   1.9260e+00
9.9254e+10   1.9290e+00
9.9383e+10   1.9320e+00
9.9510e+10   1.9350e+00
9.9635e+10   1.9380e+00
9.9758e+10   1.9410e+00
9.9880e+10   1.9440e+00
1.0000e+11   1.9470e+00
1.0012e+11   1.9500e+00
1.0023e+11   1.9530e+00
1.0035e+11   1.9560e+00
1.0046e+11   1.9590e+00
1.0057e+11   1.9620e+00
1.0068e+11   1.9650e+00
1.0079e+11   1.9680e+00
1.0089e+11   1.9710e+00
1.0100e+11   1.9740e+00
1.0110e+11   1.9770e+00
1.0120e+11   1.9800e+00
1.0130e+11   1.9830e+00
1.0139e+11   1.9860e+00
1.0148e+11   1.9890e+00
1.0158e+11   1.9920e+00
1.0166e+11   1.9950e+00
1.0175e+11   1.9980e+00
1.0184e+11   2.0010e+00
1.0192e+11   2.0040e+00
1.0200e+11   2.0070e+00
1.0208e+11   2.0100e+00
1.0215e+11   2.0130e+00
1.0223e+11   2.0160e+00
1.0230e+11   2.0190e+00
1.0236e+11   2.0220e+00
1.0243e+11   2.0250e+00
1.0250e+11   2.0280e+00
1.0256e+11   2.0310e+00
1.0262e+11   2.0340e+00
1.0267e+11   2.0370e+00
1.0273e+11   2.0400e+00
1.0278e+11   2.0430e+00
1.0283e+11   2.0460e+00
1.0287e+11   2.0490e+00
1.0292e+11   2.0520e+00
1.0296e+11   2.0550e+00
1.0300e+11   2.0580e+00
1.0303e+11   2.0610e+00
1.0306e+11   2.0640e+00
1.0309e+11   2.0670e+00
1.0312e+11   2.0700e+00
1.0315e+11   2.0730e+00
1.0317e+11   2.0760e+00
1.0319e+11   2.0790e+00
1.0320e+11   2.0820e+00
1.0321e+11   2.0850e+00
1.0322e+11   2.0880e+00
1.0323e+11   2.0910e+00
1.0323e+11   2.0940e+00
1.0324e+11   2.0970e+00
1.0323e+11   2.1000e+00
1.0323e+11   2.1030e+00
1.0322e+11   2.1060e+00
1.0321e+11   2.1090e+00
1.0319e+11   2.1120e+00
1.0317e+11   2.1150e+00
1.0315e+11   2.1180e+00
1.0313e+11   2.1210e+00
1.0310e+11   2.1240e+00
1.0307e+11   2.1270e+00
1.0303e+11   2.1300e+00
1.0299e+11   2.1330e+00
1.0295e+11   2.1360e+00
1.0290e+11   2.1390e+00
1.0286e+11   2.1420e+00
1.0280e+11   2.1450e+00
1.0275e+11   2.1480e+00
1.0269e+11   2.1510e+00
1.0262e+11   2.1540e+00
1.0256e+11   2.1570e+00
1.0249e+11   2.1600e+00
1.0241e+11   2.1630e+00
1.0233e+11   2.1660e+00
1.0225e+11   2.1690e+00
1.0216e+11   2.1720e+00
1.0207e+11   2.1750e+00
1.0198e+11   2.1780e+00
1.0188e+11   2.1810e+00
1.0178e+11   2.1840e+00
1.0167e+11   2.1870e+00
1.0156e+11   2.1900e+00
1.0145e+11   2.1930e+00
1.0133e+11   2.1960e+00
1.0121e+11   2.1990e+00
1.0108e+11   2.2020e+00
1.0095e+11   2.2050e+00
1.0082e+11   2.2080e+00
1.0068e+11   2.2110e+00
1.0054e+11   2.2140e+00
1.0039e+11   2.2170e+00
1.0024e+11   2.2200e+00
1.0008e+11   2.2230e+00
9.9920e+10   2.2260e+00
9.9754e+10   2.2290e+00
9.9584e+10   2.2320e+00
9.9410e+10   2.2350e+00
9.9231e+10   2.2380e+00
9.9048e+10   2.2410e+00
9.8860e+10   2.2440e+00
9.8667e+10   2.2470e+00
9.8470e+10   2.2500e+00
9.8268e+10   2.2530e+00
9.8061e+10   2.2560e+00
9.7850e+10   2.2590e+00
9.7633e+10   2.2620e+00
9.7412e+10   2.2650e+00
9.7186e+10   2.2680e+00
9.6956e+10   2.2710e+00
9.6720e+10   2.2740e+00
9.6479e+10   2.2770e+00
9.6234e+10   2.2800e+00
9.5983e+10   2.2830e+00
9.5727e+10   2.2860e+00
9.5467e+10   2.2890e+00
9.5201e+10   2.2920e+00
9.4930e+10   2.2950e+00
9.4654e+10   2.2980e+00
9.4373e+10   2.3010e+00
9.4087e+10   2.3040e+00
9.3796e+10   2.3070e+00
9.3499e+10   2.3100e+00
9.3197e+10   2.3130e+00
9.2890e+10   2.3160e+00
9.2577e+10   2.3190e+00
9.2260e+10   2.3220e+00
9.1936e+10   2.3250e+00
9.1608e+10   2.3280e+00
9.1274e+10   2.3310e+00
9.0935e+10   2.3340e+00
9.0590e+10   2.3370e+00
9.0240e+10   2.3400e+00
8.9884e+10   2.3430e+00
8.9523e+10   2.3460e+00
8.9157e+10   2.3490e+00
8.8785e+10   2.3520e+00
8.8407e+10   2.3550e+00
8.8024e+10   2.3580e+00
8.7635e+10   2.3610e+00
8.7241e+10   2.3640e+00
8.6841e+10   2.3670e+00
8.6435e+10   2.3700e+00
8.6024e+10   2.3730e+00
8.5607e+10   2.3760e+00
8.5184e+10   2.3790e+00
8.4756e+10   2.3820e+00
8.4323e+10   2.3850e+00
8.3883e+10   2.3880e+00
8.3438e+10   2.3910e+00
8.2987e+10   2.3940e+00
8.2531e+10   2.3970e+00
8.2068e+10   2.4000e+00
8.1600e+10   2.4030e+00
8.1127e+10   2.4060e+00
8.0648e+10   2.4090e+00
8.0162e+10   2.4120e+00
7.9672e+10   2.4150e+00
7.9175e+10   2.4180e+00
7.8673e+10   2.4210e+00
7.8165e+10   2.4240e+00
7.7652e+10   2.4270e+00
7.7133e+10   2.4300e+00
7.6608e+10   2.4330e+00
7.6077e+10   2.4360e+00
7.5541e+10   2.4390e+00
7.4999e+10   2.4420e+00
7.4452e+10   2.4450e+00
7.3899e+10   2.4480e+00
7.3340e+10   2.4510e+00
7.2776e+10   2.4540e+00
7.2206e+10   2.4570e+00
7.1631e+10   2.4600e+00
7.1050e+10   2.4630e+00
7.0464e+10   2.4660e+00
6.9872e+10   2.4690e+00
6.9275e+10   2.4720e+00
6.8673e+10   2.4750e+00
6.8065e+10   2.4780e+00
6.7452e+10   2.4810e+00
6.6833e+10   2.4840e+00
6.6209e+10   2.4870e+00
6.5580e+10   2.4900e+00
6.4946e+10   2.4930e+00
6.4307e+10   2.4960e+00
6.3663e+10   2.4990e+00
6.3013e+10   2.5020e+00
6.2359e+10   2.5050e+00
6.1700e+10   2.5080e+00
6.1036e+10   2.5110e+00
6.0367e+10   2.5140e+00
5.9694e+10   2.5170e+00
5.9015e+10   2.5200e+00
5.8333e+10   2.5230e+00
5.7645e+10   2.5260e+00
5.6953e+10   2.5290e+00
5.6257e+10   2.5320e+00
5.5557e+10   2.5350e+00
5.4852e+10   2.5380e+00
5.4143e+10   2.5410e+00
5.3431e+10   2.5440e+00
5.2714e+10   2.5470e+00
5.1993e+10   2.5500e+00
5.1269e+10   2.5530e+00
5.0541e+10   2.5560e+00
4.9809e+10   2.5590e+00
4.9074e+10   2.5620e+00
4.8336e+10   2.5650e+00
4.7594e+10   2.5680e+00
4.6850e+10   2.5710e+00
4.6102e+10   2.5740e+00
4.5352e+10   2.5770e+00
4.4599e+10   2.5800e+00
4.3843e+10   2.5830e+00
4.3085e+10   2.5860e+00
4.2325e+10   2.5890e+00
4.1562e+10   2.5920e+00
4.0798e+10   2.5950e+00
4.0032e+10   2.5980e+00
3.9264e+10   2.6010e+00
3.8495e+10   2.6040e+00
3.7724e+10   2.6070e+00
3.6952e+10   2.6100e+00
3.6180e+10   2.6130e+00
3.5407e+10   2.6160e+00
3.4633e+10   2.6190e+00
3.3859e+10   2.6220e+00
3.3085e+10   2.6250e+00
3.2311e+10   2.6280e+00
3.1537e+10   2.6310e+00
3.0764e+10   2.6340e+00
2.9992e+10   2.6370e+00
2.9220e+10   2.6400e+00
2.8451e+10   2.6430e+00
2.7682e+10   2.6460e+00
2.6916e+10   2.6490e+00
2.6152e+10   2.6520e+00
2.5390e+10   2.6550e+00
2.4631e+10   2.6580e+00
2.3874e+10   2.6610e+00
2.3122e+10   2.6640e+00
2.2373e+10   2.6670e+00
2.1628e+10   2.6700e+00
2.0887e+10   2.6730e+00
2.0151e+10   2.6760e+00
1.9420e+10   2.6790e+00
1.8695e+10   2.6820e+00
1.7975e+10   2.6850e+00
1.7262e+10   2.6880e+00
1.6556e+10   2.6910e+00
1.5857e+10   2.6940e+00
1.5165e+10   2.6970e+00
1.4481e+10   2.7000e+00
1.3807e+10   2.7030e+00
1.3141e+10   2.7060e+00
1.2485e+10   2.7090e+00
1.1839e+10   2.7120e+00
1.1204e+10   2.7150e+00
1.0580e+10   2.7180e+00
9.9685e+09   2.7210e+00
9.3693e+09   2.7240e+00
8.7835e+09   2.7270e+00
8.2116e+09   2.7300e+00
7.6543e+09   2.7330e+00
7.1124e+09   2.7360e+00
6.5865e+09   2.7390e+00
6.0773e+09   2.7420e+00
5.5857e+09   2.7450e+00
5.1123e+09   2.7480e+00
4.6578e+09   2.7510e+00
4.2230e+09   2.7540e+00
3.8085e+09   2.7570e+00
3.4149e+09   2.7600e+00
3.0428e+09   2.7630e+00
2.6927e+09   2.7660e+00
2.3648e+09   2.7690e+00
2.0596e+09   2.7720e+00
1.7771e+09   2.7750e+00
1.5173e+09   2.7780e+00
1.2801e+09   2.7810e+00
1.0650e+09   2.7840e+00
8.7161e+08   2.7870e+00
6.9924e+08   2.7900e+00
5.4712e+08   2.7930e+00
4.1436e+08   2.7960e+00
3.0007e+08   2.7990e+00
2.0334e+08   2.8020e+00
1.2339e+08   2.8050e+00
5.9447e+07   2.8080e+00
8.8541e+06   2.8110e+00
