Dia: 1.3 m | Vel: 15.0 km/s | theta: 60.0 deg | Strength: 5.0e+05 → 1.0e+06 Pa
Power (W)    Time (sec)
2.1874e+08   3.0000e-03
2.1950e+08   6.0000e-03
2.2027e+08   9.0000e-03
2.2104e+08   1.2000e-02
2.2182e+08   1.5000e-02
2.2259e+08   1.8000e-02
2.2337e+08   2.1000e-02
2.2416e+08   2.4000e-02
2.2494e+08   2.7000e-02
2.2573e+08   3.0000e-02
2.2652e+08   3.3000e-02
2.2732e+08   3.6000e-02
2.2812e+08   3.9000e-02
2.2892e+08   4.2000e-02
2.2972e+08   4.5000e-02
2.3053e+08   4.8000e-02
2.3134e+08   5.1000e-02
2.3215e+08   5.4000e-02
2.3297e+08   5.7000e-02
2.3379e+08   6.0000e-02
2.3461e+08   6.3000e-02
2.3544e+08   6.6000e-02
2.3626e+08   6.9000e-02
2.3710e+08   7.2000e-02
2.3793e+08   7.5000e-02
2.3877e+08   7.8000e-02
2.3961e+08   8.1000e-02
2.4046e+08   8.4000e-02
2.4130e+08   8.7000e-02
2.4215e+08   9.0000e-02
2.4301e+08   9.3000e-02
2.4387e+08   9.6000e-02
2.4473e+08   9.9000e-02
2.4559e+08   1.0200e-01
2.4646e+08   1.0500e-01
2.4733e+08   1.0800e-01
2.4820e+08   1.1100e-01
2.4908e+08   1.1400e-01
2.4996e+08   1.1700e-01
2.5084e+08   1.2000e-01
2.5173e+08   1.2300e-01
2.5262e+08   1.2600e-01
2.5351e+08   1.2900e-01
2.5441e+08   1.3200e-01
2.5531e+08   1.3500e-01
2.5622e+08   1.3800e-01
2.5712e+08   1.4100e-01
2.5803e+08   1.4400e-01
2.5895e+08   1.4700e-01
2.5987e+08   1.5000e-01
2.6079e+08   1.5300e-01
2.6171e+08   1.5600e-01
2.6264e+08   1.5900e-01
2.6357e+08   1.6200e-01
2.6451e+08   1.6500e-01
2.6545e+08   1.6800e-01
2.6639e+08   1.7100e-01
2.6734e+08   1.7400e-01
2.6829e+08   1.7700e-01
2.6924e+08   1.8000e-01
2.7020e+08   1.8300e-01
2.7116e+08   1.8600e-01
2.7212e+08   1.8900e-01
2.7309e+08   1.9200e-01
2.7406e+08   1.9500e-01
2.7504e+08   1.9800e-01
2.7602e+08   2.0100e-01
2.7700e+08   2.0400e-01
2.7799e+08   2.0700e-01
2.7898e+08   2.1000e-01
2.7997e+08   2.1300e-01
2.8097e+08   2.1600e-01
2.8197e+08   2.1900e-01
2.8298e+08   2.2200e-01
2.8399e+08   2.2500e-01
2.8500e+08   2.2800e-01
2.8602e+08   2.3100e-01
2.8704e+08   2.3400e-01
2.8807e+08   2.3700e-01
2.8910e+08   2.4000e-01
2.9013e+08   2.4300e-01
2.9117e+08   2.4600e-01
2.9221e+08   2.4900e-01
2.9325e+08   2.5200e-01
2.9430e+08   2.5500e-01
2.9535e+08   2.5800e-01
2.9641e+08   2.6100e-01
2.9747e+08   2.6400e-01
2.9854e+08   2.6700e-01
2.9961e+08   2.7000e-01
3.0068e+08   2.7300e-01
3.0176e+08   2.7600e-01
3.0284e+08   2.7900e-01
3.0393e+08   2.8200e-01
3.0502e+08   2.8500e-01
3.0611e+08   2.8800e-01
3.0721e+08   2.9100e-01
3.0831e+08   2.9400e-01
3.0942e+08   2.9700e-01
3.1053e+08   3.0000e-01
3.1165e+08   3.0300e-01
3.1277e+08   3.0600e-01
3.1389e+08   3.0900e-01
3.1502e+08   3.1200e-01
3.1615e+08   3.1500e-01
3.1729e+08   3.1800e-01
3.1843e+08   3.2100e-01
3.1958e+08   3.2400e-01
3.2073e+08   3.2700e-01
3.2188e+08   3.3000e-01
3.2304e+08   3.3300e-01
3.2421e+08   3.3600e-01
3.2538e+08   3.3900e-01
3.2655e+08   3.4200e-01
3.2773e+08   3.4500e-01
3.2891e+08   3.4800e-01
3.3009e+08   3.5100e-01
3.3129e+08   3.5400e-01
3.3248e+08   3.5700e-01
3.3368e+08   3.6000e-01
3.3489e+08   3.6300e-01
3.3610e+08   3.6600e-01
3.3731e+08   3.6900e-01
3.3853e+08   3.7200e-01
3.3975e+08   3.7500e-01
3.4098e+08   3.7800e-01
3.4222e+08   3.8100e-01
3.4345e+08   3.8400e-01
3.4470e+08   3.8700e-01
3.4595e+08   3.9000e-01
3.4720e+08   3.9300e-01
3.4846e+08   3.9600e-01
3.4972e+08   3.9900e-01
3.5099e+08   4.0200e-01
3.5226e+08   4.0500e-01
3.5354e+08   4.0800e-01
3.5482e+08   4.1100e-01
3.5610e+08   4.1400e-01
3.5740e+08   4.1700e-01
3.5869e+08   4.2000e-01
3.6000e+08   4.2300e-01
3.6130e+08   4.2600e-01
3.6262e+08   4.2900e-01
3.6393e+08   4.3200e-01
3.6526e+08   4.3500e-01
3.6658e+08   4.3800e-01
3.6792e+08   4.4100e-01
3.6926e+08   4.4400e-01
3.7060e+08   4.4700e-01
3.7195e+08   4.5000e-01
3.7330e+08   4.5300e-01
3.7466e+08   4.5600e-01
3.7603e+08   4.5900e-01
3.7739e+08   4.6200e-01
3.7877e+08   4.6500e-01
3.8015e+08   4.6800e-01
3.8154e+08   4.7100e-01
3.8293e+08   4.7400e-01
3.8432e+08   4.7700e-01
3.8573e+08   4.8000e-01
3.8713e+08   4.8300e-01
3.8855e+08   4.8600e-01
3.8997e+08   4.8900e-01
3.9139e+08   4.9200e-01
3.9282e+08   4.9500e-01
3.9426e+08   4.9800e-01
3.9570e+08   5.0100e-01
3.9714e+08   5.0400e-01
3.9860e+08   5.0700e-01
4.0006e+08   5.1000e-01
4.0152e+08   5.1300e-01
4.0299e+08   5.1600e-01
4.0446e+08   5.1900e-01
4.0594e+08   5.2200e-01
4.0743e+08   5.2500e-01
4.0892e+08   5.2800e-01
4.1042e+08   5.3100e-01
4.1193e+08   5.3400e-01
4.1344e+08   5.3700e-01
4.1495e+08   5.4000e-01
4.1648e+08   5.4300e-01
4.1801e+08   5.4600e-01
4.1954e+08   5.4900e-01
4.2108e+08   5.5200e-01
4.2263e+08   5.5500e-01
4.2418e+08   5.5800e-01
4.2574e+08   5.6100e-01
4.2730e+08   5.6400e-01
4.2887e+08   5.6700e-01
4.3045e+08   5.7000e-01
4.3203e+08   5.7300e-01
4.3362e+08   5.7600e-01
4.3522e+08   5.7900e-01
4.3682e+08   5.8200e-01
4.3843e+08   5.8500e-01
4.4004e+08   5.8800e-01
4.4167e+08   5.9100e-01
4.4329e+08   5.9400e-01
4.4493e+08   5.9700e-01
4.4657e+08   6.0000e-01
4.4821e+08   6.0300e-01
4.4987e+08   6.0600e-01
4.5153e+08   6.0900e-01
4.5319e+08   6.1200e-01
4.5487e+08   6.1500e-01
4.5655e+08   6.1800e-01
4.5823e+08   6.2100e-01
4.5993e+08   6.2400e-01
4.6162e+08   6.2700e-01
4.6333e+08   6.3000e-01
4.6504e+08   6.3300e-01
4.6676e+08   6.3600e-01
4.6849e+08   6.3900e-01
4.7022e+08   6.4200e-01
4.7196e+08   6.4500e-01
4.7371e+08   6.4800e-01
4.7547e+08   6.5100e-01
4.7723e+08   6.5400e-01
4.7900e+08   6.5700e-01
4.8077e+08   6.6000e-01
4.8255e+08   6.6300e-01
4.8434e+08   6.6600e-01
4.8614e+08   6.6900e-01
4.8794e+08   6.7200e-01
4.8975e+08   6.7500e-01
4.9157e+08   6.7800e-01
4.9339e+08   6.8100e-01
4.9523e+08   6.8400e-01
4.9707e+08   6.8700e-01
4.9891e+08   6.9000e-01
5.0077e+08   6.9300e-01
5.0263e+08   6.9600e-01
5.0450e+08   6.9900e-01
5.0637e+08   7.0200e-01
5.0826e+08   7.0500e-01
5.1015e+08   7.0800e-01
5.1205e+08   7.1100e-01
5.1395e+08   7.1400e-01
5.1587e+08   7.1700e-01
5.1779e+08   7.2000e-01
5.1972e+08   7.2300e-01
5.2166e+08   7.2600e-01
5.2360e+08   7.2900e-01
5.2555e+08   7.3200e-01
5.2751e+08   7.3500e-01
5.2948e+08   7.3800e-01
5.3146e+08   7.4100e-01
5.3344e+08   7.4400e-01
5.3543e+08   7.4700e-01
5.3743e+08   7.5000e-01
5.3944e+08   7.5300e-01
5.4146e+08   7.5600e-01
5.4348e+08   7.5900e-01
5.4551e+08   7.6200e-01
5.4755e+08   7.6500e-01
5.4960e+08   7.6800e-01
5.5165e+08   7.7100e-01
5.5372e+08   7.7400e-01
5.5579e+08   7.7700e-01
5.5787e+08   7.8000e-01
5.5996e+08   7.8300e-01
5.6206e+08   7.8600e-01
5.6417e+08   7.8900e-01
5.6628e+08   7.9200e-01
5.6840e+08   7.9500e-01
5.7053e+08   7.9800e-01
5.7267e+08   8.0100e-01
5.7482e+08   8.0400e-01
5.7698e+08   8.0700e-01
5.7915e+08   8.1000e-01
5.8132e+08   8.1300e-01
5.8350e+08   8.1600e-01
5.8569e+08   8.1900e-01
5.8790e+08   8.2200e-01
5.9010e+08   8.2500e-01
5.9232e+08   8.2800e-01
5.9455e+08   8.3100e-01
5.9679e+08   8.3400e-01
5.9903e+08   8.3700e-01
6.0129e+08   8.4000e-01
6.0355e+08   8.4300e-01
6.0582e+08   8.4600e-01
6.0810e+08   8.4900e-01
6.1039e+08   8.5200e-01
6.1269e+08   8.5500e-01
6.1500e+08   8.5800e-01
6.1732e+08   8.6100e-01
6.1965e+08   8.6400e-01
6.2199e+08   8.6700e-01
6.2433e+08   8.7000e-01
6.2669e+08   8.7300e-01
6.2905e+08   8.7600e-01
6.3143e+08   8.7900e-01
6.3381e+08   8.8200e-01
6.3621e+08   8.8500e-01
6.3861e+08   8.8800e-01
6.4102e+08   8.9100e-01
6.4345e+08   8.9400e-01
6.4588e+08   8.9700e-01
6.4832e+08   9.0000e-01
6.5077e+08   9.0300e-01
6.5324e+08   9.0600e-01
6.5571e+08   9.0900e-01
6.5819e+08   9.1200e-01
6.6068e+08   9.1500e-01
6.6319e+08   9.1800e-01
6.6570e+08   9.2100e-01
6.6822e+08   9.2400e-01
6.7075e+08   9.2700e-01
6.7330e+08   9.3000e-01
6.7585e+08   9.3300e-01
6.7841e+08   9.3600e-01
6.8099e+08   9.3900e-01
6.8357e+08   9.4200e-01
6.8617e+08   9.4500e-01
6.8877e+08   9.4800e-01
6.9139e+08   9.5100e-01
6.9402e+08   9.5400e-01
6.9665e+08   9.5700e-01
6.9930e+08   9.6000e-01
7.0196e+08   9.6300e-01
7.0463e+08   9.6600e-01
7.0731e+08   9.6900e-01
7.1000e+08   9.7200e-01
7.1270e+08   9.7500e-01
7.1541e+08   9.7800e-01
7.1814e+08   9.8100e-01
7.2087e+08   9.8400e-01
7.2362e+08   9.8700e-01
7.2638e+08   9.9000e-01
7.2914e+08   9.9300e-01
7.3192e+08   9.9600e-01
7.3471e+08   9.9900e-01
7.3752e+08   1.0020e+00
7.4033e+08   1.0050e+00
7.4315e+08   1.0080e+00
7.4599e+08   1.0110e+00
7.4884e+08   1.0140e+00
7.5170e+08   1.0170e+00
7.5457e+08   1.0200e+00
7.5745e+08   1.0230e+00
7.6035e+08   1.0260e+00
7.6325e+08   1.0290e+00
7.6617e+08   1.0320e+00
7.6910e+08   1.0350e+00
7.7204e+08   1.0380e+00
7.7499e+08   1.0410e+00
7.7796e+08   1.0440e+00
7.8094e+08   1.0470e+00
7.8393e+08   1.0500e+00
7.8693e+08   1.0530e+00
7.8994e+08   1.0560e+00
7.9297e+08   1.0590e+00
7.9601e+08   1.0620e+00
7.9906e+08   1.0650e+00
8.0213e+08   1.0680e+00
8.0520e+08   1.0710e+00
8.0829e+08   1.0740e+00
8.1139e+08   1.0770e+00
8.1451e+08   1.0800e+00
8.1763e+08   1.0830e+00
8.2077e+08   1.0860e+00
8.2392e+08   1.0890e+00
8.2709e+08   1.0920e+00
8.3027e+08   1.0950e+00
8.3346e+08   1.0980e+00
8.3666e+08   1.1010e+00
8.3988e+08   1.1040e+00
8.4311e+08   1.1070e+00
8.4635e+08   1.1100e+00
8.4961e+08   1.1130e+00
8.5288e+08   1.1160e+00
8.5616e+08   1.1190e+00
8.5946e+08   1.1220e+00
8.6277e+08   1.1250e+00
8.6609e+08   1.1280e+00
8.6943e+08   1.1310e+00
8.7278e+08   1.1340e+00
8.7615e+08   1.1370e+00
8.7952e+08   1.1400e+00
8.8292e+08   1.1430e+00
8.8632e+08   1.1460e+00
8.8974e+08   1.1490e+00
8.9318e+08   1.1520e+00
8.9663e+08   1.1550e+00
9.0009e+08   1.1580e+00
9.0356e+08   1.1610e+00
9.0705e+08   1.1640e+00
9.1056e+08   1.1670e+00
9.1408e+08   1.1700e+00
9.1761e+08   1.1730e+00
9.2116e+08   1.1760e+00
9.2472e+08   1.1790e+00
9.2830e+08   1.1820e+00
9.3189e+08   1.1850e+00
9.3550e+08   1.1880e+00
9.3912e+08   1.1910e+00
9.4276e+08   1.1940e+00
9.4641e+08   1.1970e+00
9.5008e+08   1.2000e+00
9.5376e+08   1.2030e+00
9.5745e+08   1.2060e+00
9.6117e+08   1.2090e+00
9.6489e+08   1.2120e+00
9.6864e+08   1.2150e+00
9.7239e+08   1.2180e+00
9.7617e+08   1.2210e+00
9.7995e+08   1.2240e+00
9.8376e+08   1.2270e+00
9.8758e+08   1.2300e+00
9.9141e+08   1.2330e+00
9.9527e+08   1.2360e+00
9.9913e+08   1.2390e+00
1.0030e+09   1.2420e+00
1.0069e+09   1.2450e+00
1.0108e+09   1.2480e+00
1.0148e+09   1.2510e+00
1.0187e+09   1.2540e+00
1.0227e+09   1.2570e+00
1.0267e+09   1.2600e+00
1.0306e+09   1.2630e+00
1.0347e+09   1.2660e+00
1.0387e+09   1.2690e+00
1.0427e+09   1.2720e+00
1.0468e+09   1.2750e+00
1.0509e+09   1.2780e+00
1.0550e+09   1.2810e+00
1.0591e+09   1.2840e+00
1.0632e+09   1.2870e+00
1.0674e+09   1.2900e+00
1.0715e+09   1.2930e+00
1.0757e+09   1.2960e+00
1.0799e+09   1.2990e+00
1.0841e+09   1.3020e+00
1.0884e+09   1.3050e+00
1.0926e+09   1.3080e+00
1.0969e+09   1.3110e+00
1.1012e+09   1.3140e+00
1.1055e+09   1.3170e+00
1.1098e+09   1.3200e+00
1.1141e+09   1.3230e+00
1.1185e+09   1.3260e+00
1.1229e+09   1.3290e+00
1.1272e+09   1.3320e+00
1.1317e+09   1.3350e+00
1.1361e+09   1.3380e+00
1.1405e+09   1.3410e+00
1.1450e+09   1.3440e+00
1.1495e+09   1.3470e+00
1.1540e+09   1.3500e+00
1.1585e+09   1.3530e+00
1.1630e+09   1.3560e+00
1.1676e+09   1.3590e+00
1.1722e+09   1.3620e+00
1.1768e+09   1.3650e+00
1.1814e+09   1.3680e+00
1.1860e+09   1.3710e+00
1.1907e+09   1.3740e+00
1.1954e+09   1.3770e+00
1.2001e+09   1.3800e+00
1.2048e+09   1.3830e+00
1.2095e+09   1.3860e+00
1.2142e+09   1.3890e+00
1.2190e+09   1.3920e+00
1.2238e+09   1.3950e+00
1.2286e+09   1.3980e+00
1.2334e+09   1.4010e+00
1.2383e+09   1.4040e+00
1.2432e+09   1.4070e+00
1.2481e+09   1.4100e+00
1.2530e+09   1.4130e+00
1.2579e+09   1.4160e+00
1.2629e+09   1.4190e+00
1.2678e+09   1.4220e+00
1.2728e+09   1.4250e+00
1.2778e+09   1.4280e+00
1.2829e+09   1.4310e+00
1.2879e+09   1.4340e+00
1.2930e+09   1.4370e+00
1.2981e+09   1.4400e+00
1.3032e+09   1.4430e+00
1.3083e+09   1.4460e+00
1.3135e+09   1.4490e+00
1.3187e+09   1.4520e+00
1.3239e+09   1.4550e+00
1.3291e+09   1.4580e+00
1.3344e+09   1.4610e+00
1.3396e+09   1.4640e+00
1.3449e+09   1.4670e+00
1.3502e+09   1.4700e+00
1.3556e+09   1.4730e+00
1.3609e+09   1.4760e+00
1.3663e+09   1.4790e+00
1.3717e+09   1.4820e+00
1.3771e+09   1.4850e+00
1.3826e+09   1.4880e+00
1.3880e+09   1.4910e+00
1.3935e+09   1.4940e+00
1.3990e+09   1.4970e+00
1.4046e+09   1.5000e+00
1.4101e+09   1.5030e+00
1.4157e+09   1.5060e+00
1.4213e+09   1.5090e+00
1.4270e+09   1.5120e+00
1.4326e+09   1.5150e+00
1.4383e+09   1.5180e+00
1.4440e+09   1.5210e+00
1.4497e+09   1.5240e+00
1.4555e+09   1.5270e+00
1.4612e+09   1.5300e+00
1.4670e+09   1.5330e+00
1.4728e+09   1.5360e+00
1.4787e+09   1.5390e+00
1.4846e+09   1.5420e+00
1.4905e+09   1.5450e+00
1.4964e+09   1.5480e+00
1.5023e+09   1.5510e+00
1.5083e+09   1.5540e+00
1.5143e+09   1.5570e+00
1.5203e+09   1.5600e+00
1.5263e+09   1.5630e+00
1.5324e+09   1.5660e+00
1.5385e+09   1.5690e+00
1.5446e+09   1.5720e+00
1.5507e+09   1.5750e+00
1.5569e+09   1.5780e+00
1.5631e+09   1.5810e+00
1.5693e+09   1.5840e+00
1.5756e+09   1.5870e+00
1.5818e+09   1.5900e+00
1.5881e+09   1.5930e+00
1.5944e+09   1.5960e+00
1.6008e+09   1.5990e+00
1.6072e+09   1.6020e+00
1.6136e+09   1.6050e+00
1.6200e+09   1.6080e+00
1.6265e+09   1.6110e+00
1.6329e+09   1.6140e+00
1.6394e+09   1.6170e+00
1.6460e+09   1.6200e+00
1.6525e+09   1.6230e+00
1.6591e+09   1.6260e+00
1.6658e+09   1.6290e+00
1.6724e+09   1.6320e+00
1.6791e+09   1.6350e+00
1.6858e+09   1.6380e+00
1.6925e+09   1.6410e+00
1.6993e+09   1.6440e+00
1.7060e+09   1.6470e+00
1.7129e+09   1.6500e+00
1.7197e+09   1.6530e+00
1.7266e+09   1.6560e+00
1.7335e+09   1.6590e+00
1.7404e+09   1.6620e+00
1.7473e+09   1.6650e+00
1.7543e+09   1.6680e+00
1.7613e+09   1.6710e+00
1.7684e+09   1.6740e+00
1.7755e+09   1.6770e+00
1.7826e+09   1.6800e+00
1.7897e+09   1.6830e+00
1.7968e+09   1.6860e+00
1.8040e+09   1.6890e+00
1.8113e+09   1.6920e+00
1.8185e+09   1.6950e+00
1.8258e+09   1.6980e+00
1.8331e+09   1.7010e+00
1.8404e+09   1.7040e+00
1.8478e+09   1.7070e+00
1.8552e+09   1.7100e+00
1.8627e+09   1.7130e+00
1.8701e+09   1.7160e+00
1.8776e+09   1.7190e+00
1.8851e+09   1.7220e+00
1.8927e+09   1.7250e+00
1.9003e+09   1.7280e+00
1.9079e+09   1.7310e+00
1.9156e+09   1.7340e+00
1.9232e+09   1.7370e+00
1.9310e+09   1.7400e+00
1.9387e+09   1.7430e+00
1.9465e+09   1.7460e+00
1.9543e+09   1.7490e+00
1.9621e+09   1.7520e+00
1.9700e+09   1.7550e+00
1.9779e+09   1.7580e+00
1.9859e+09   1.7610e+00
1.9939e+09   1.7640e+00
2.0019e+09   1.7670e+00
2.0099e+09   1.7700e+00
2.0180e+09   1.7730e+00
2.0261e+09   1.7760e+00
2.0342e+09   1.7790e+00
2.0424e+09   1.7820e+00
2.0506e+09   1.7850e+00
2.0589e+09   1.7880e+00
2.0671e+09   1.7910e+00
2.0755e+09   1.7940e+00
2.0838e+09   1.7970e+00
2.0922e+09   1.8000e+00
2.1006e+09   1.8030e+00
2.1091e+09   1.8060e+00
2.1175e+09   1.8090e+00
2.1261e+09   1.8120e+00
2.1346e+09   1.8150e+00
2.1432e+09   1.8180e+00
2.1519e+09   1.8210e+00
2.1605e+09   1.8240e+00
2.1692e+09   1.8270e+00
2.1780e+09   1.8300e+00
2.1867e+09   1.8330e+00
2.1955e+09   1.8360e+00
2.2044e+09   1.8390e+00
2.2133e+09   1.8420e+00
2.2222e+09   1.8450e+00
2.2312e+09   1.8480e+00
2.2401e+09   1.8510e+00
2.2492e+09   1.8540e+00
2.2582e+09   1.8570e+00
2.2674e+09   1.8600e+00
2.2765e+09   1.8630e+00
2.2857e+09   1.8660e+00
2.2949e+09   1.8690e+00
2.3042e+09   1.8720e+00
2.3135e+09   1.8750e+00
2.3228e+09   1.8780e+00
2.3322e+09   1.8810e+00
2.3416e+09   1.8840e+00
2.3510e+09   1.8870e+00
2.3605e+09   1.8900e+00
2.3700e+09   1.8930e+00
2.3796e+09   1.8960e+00
2.3892e+09   1.8990e+00
2.3989e+09   1.9020e+00
2.4086e+09   1.9050e+00
2.4183e+09   1.9080e+00
2.4281e+09   1.9110e+00
2.4379e+09   1.9140e+00
2.4477e+09   1.9170e+00
2.4576e+09   1.9200e+00
2.4675e+09   1.9230e+00
2.4775e+09   1.9260e+00
2.4875e+09   1.9290e+00
2.4976e+09   1.9320e+00
2.5077e+09   1.9350e+00
2.5178e+09   1.9380e+00
2.5280e+09   1.9410e+00
2.5382e+09   1.9440e+00
2.5485e+09   1.9470e+00
2.5588e+09   1.9500e+00
2.5691e+09   1.9530e+00
2.5795e+09   1.9560e+00
2.5900e+09   1.9590e+00
2.6004e+09   1.9620e+00
2.6110e+09   1.9650e+00
2.6215e+09   1.9680e+00
2.6321e+09   1.9710e+00
2.6428e+09   1.9740e+00
2.6535e+09   1.9770e+00
2.6642e+09   1.9800e+00
2.6750e+09   1.9830e+00
2.6858e+09   1.9860e+00
2.6967e+09   1.9890e+00
2.7076e+09   1.9920e+00
2.7186e+09   1.9950e+00
2.7296e+09   1.9980e+00
2.7406e+09   2.0010e+00
2.7517e+09   2.0040e+00
2.7629e+09   2.0070e+00
2.7740e+09   2.0100e+00
2.7853e+09   2.0130e+00
2.7966e+09   2.0160e+00
2.8079e+09   2.0190e+00
2.8193e+09   2.0220e+00
2.8307e+09   2.0250e+00
2.8421e+09   2.0280e+00
2.8537e+09   2.0310e+00
2.8652e+09   2.0340e+00
2.8768e+09   2.0370e+00
2.8885e+09   2.0400e+00
2.9002e+09   2.0430e+00
2.9119e+09   2.0460e+00
2.9237e+09   2.0490e+00
2.9356e+09   2.0520e+00
2.9475e+09   2.0550e+00
2.9594e+09   2.0580e+00
2.9714e+09   2.0610e+00
2.9834e+09   2.0640e+00
2.9955e+09   2.0670e+00
3.0077e+09   2.0700e+00
3.0199e+09   2.0730e+00
3.0321e+09   2.0760e+00
3.0444e+09   2.0790e+00
3.0567e+09   2.0820e+00
3.0691e+09   2.0850e+00
3.0816e+09   2.0880e+00
3.0940e+09   2.0910e+00
3.1066e+09   2.0940e+00
3.1192e+09   2.0970e+00
3.1318e+09   2.1000e+00
3.1445e+09   2.1030e+00
3.1573e+09   2.1060e+00
3.1701e+09   2.1090e+00
3.1829e+09   2.1120e+00
3.1958e+09   2.1150e+00
3.2088e+09   2.1180e+00
3.2218e+09   2.1210e+00
3.2348e+09   2.1240e+00
3.2479e+09   2.1270e+00
3.2611e+09   2.1300e+00
3.2743e+09   2.1330e+00
3.2876e+09   2.1360e+00
3.3009e+09   2.1390e+00
3.3143e+09   2.1420e+00
3.3277e+09   2.1450e+00
3.3412e+09   2.1480e+00
3.3548e+09   2.1510e+00
3.3684e+09   2.1540e+00
3.3820e+09   2.1570e+00
3.3957e+09   2.1600e+00
3.4095e+09   2.1630e+00
3.4233e+09   2.1660e+00
3.4372e+09   2.1690e+00
3.4511e+09   2.1720e+00
3.4651e+09   2.1750e+00
3.4791e+09   2.1780e+00
3.4932e+09   2.1810e+00
3.5074e+09   2.1840e+00
3.5216e+09   2.1870e+00
3.5358e+09   2.1900e+00
3.5502e+09   2.1930e+00
3.5645e+09   2.1960e+00
3.5790e+09   2.1990e+00
3.5935e+09   2.2020e+00
3.6080e+09   2.2050e+00
3.6226e+09   2.2080e+00
3.6373e+09   2.2110e+00
3.6520e+09   2.2140e+00
3.6668e+09   2.2170e+00
3.6817e+09   2.2200e+00
3.6966e+09   2.2230e+00
3.7116e+09   2.2260e+00
3.7266e+09   2.2290e+00
3.7417e+09   2.2320e+00
3.7568e+09   2.2350e+00
3.7720e+09   2.2380e+00
3.7873e+09   2.2410e+00
3.8026e+09   2.2440e+00
3.8180e+09   2.2470e+00
3.8334e+09   2.2500e+00
3.8489e+09   2.2530e+00
3.8645e+09   2.2560e+00
3.8802e+09   2.2590e+00
3.8958e+09   2.2620e+00
3.9116e+09   2.2650e+00
3.9274e+09   2.2680e+00
3.9433e+09   2.2710e+00
3.9592e+09   2.2740e+00
3.9752e+09   2.2770e+00
3.9913e+09   2.2800e+00
4.0074e+09   2.2830e+00
4.0236e+09   2.2860e+00
4.0399e+09   2.2890e+00
4.0562e+09   2.2920e+00
4.0726e+09   2.2950e+00
4.0891e+09   2.2980e+00
4.1056e+09   2.3010e+00
4.1222e+09   2.3040e+00
4.1388e+09   2.3070e+00
4.1555e+09   2.3100e+00
4.1723e+09   2.3130e+00
4.1891e+09   2.3160e+00
4.2060e+09   2.3190e+00
4.2230e+09   2.3220e+00
4.2400e+09   2.3250e+00
4.2572e+09   2.3280e+00
4.2743e+09   2.3310e+00
4.2916e+09   2.3340e+00
4.3089e+09   2.3370e+00
4.3262e+09   2.3400e+00
4.3437e+09   2.3430e+00
4.3612e+09   2.3460e+00
4.3788e+09   2.3490e+00
4.3964e+09   2.3520e+00
4.4141e+09   2.3550e+00
4.4319e+09   2.3580e+00
4.4497e+09   2.3610e+00
4.4676e+09   2.3640e+00
4.4856e+09   2.3670e+00
4.5037e+09   2.3700e+00
4.5218e+09   2.3730e+00
4.5400e+09   2.3760e+00
4.5583e+09   2.3790e+00
4.5766e+09   2.3820e+00
4.5950e+09   2.3850e+00
4.6135e+09   2.3880e+00
4.6320e+09   2.3910e+00
4.6506e+09   2.3940e+00
4.6693e+09   2.3970e+00
4.6881e+09   2.4000e+00
4.7069e+09   2.4030e+00
4.7258e+09   2.4060e+00
4.7448e+09   2.4090e+00
4.7638e+09   2.4120e+00
4.7829e+09   2.4150e+00
4.8021e+09   2.4180e+00
4.8213e+09   2.4210e+00
4.8407e+09   2.4240e+00
4.8601e+09   2.4270e+00
4.8796e+09   2.4300e+00
4.8991e+09   2.4330e+00
4.9187e+09   2.4360e+00
4.9384e+09   2.4390e+00
4.9582e+09   2.4420e+00
4.9780e+09   2.4450e+00
4.9980e+09   2.4480e+00
5.0179e+09   2.4510e+00
5.0380e+09   2.4540e+00
5.0582e+09   2.4570e+00
5.0784e+09   2.4600e+00
5.0987e+09   2.4630e+00
5.1190e+09   2.4660e+00
5.1395e+09   2.4690e+00
5.1600e+09   2.4720e+00
5.1806e+09   2.4750e+00
5.2012e+09   2.4780e+00
5.2220e+09   2.4810e+00
5.2428e+09   2.4840e+00
5.2637e+09   2.4870e+00
5.2847e+09   2.4900e+00
5.3057e+09   2.4930e+00
5.3269e+09   2.4960e+00
5.3481e+09   2.4990e+00
5.3694e+09   2.5020e+00
5.3907e+09   2.5050e+00
5.4122e+09   2.5080e+00
5.4337e+09   2.5110e+00
5.4553e+09   2.5140e+00
5.4769e+09   2.5170e+00
5.4987e+09   2.5200e+00
5.5205e+09   2.5230e+00
5.5424e+09   2.5260e+00
5.5644e+09   2.5290e+00
5.5865e+09   2.5320e+00
5.6086e+09   2.5350e+00
5.6308e+09   2.5380e+00
5.6531e+09   2.5410e+00
5.6755e+09   2.5440e+00
5.6980e+09   2.5470e+00
5.7205e+09   2.5500e+00
5.7431e+09   2.5530e+00
5.7659e+09   2.5560e+00
5.7886e+09   2.5590e+00
5.8115e+09   2.5620e+00
5.8344e+09   2.5650e+00
5.8575e+09   2.5680e+00
5.8806e+09   2.5710e+00
5.9038e+09   2.5740e+00
5.9270e+09   2.5770e+00
5.9504e+09   2.5800e+00
5.9738e+09   2.5830e+00
5.9973e+09   2.5860e+00
6.0209e+09   2.5890e+00
6.0446e+09   2.5920e+00
6.0683e+09   2.5950e+00
6.0922e+09   2.5980e+00
6.1161e+09   2.6010e+00
6.1401e+09   2.6040e+00
6.1642e+09   2.6070e+00
6.1883e+09   2.6100e+00
6.2126e+09   2.6130e+00
6.2369e+09   2.6160e+00
6.2613e+09   2.6190e+00
6.2858e+09   2.6220e+00
6.3104e+09   2.6250e+00
6.3351e+09   2.6280e+00
6.3598e+09   2.6310e+00
6.3847e+09   2.6340e+00
6.4096e+09   2.6370e+00
6.4346e+09   2.6400e+00
6.4597e+09   2.6430e+00
6.4848e+09   2.6460e+00
6.5101e+09   2.6490e+00
6.5354e+09   2.6520e+00
6.5608e+09   2.6550e+00
6.5863e+09   2.6580e+00
6.6119e+09   2.6610e+00
6.6376e+09   2.6640e+00
6.6633e+09   2.6670e+00
6.6892e+09   2.6700e+00
6.7151e+09   2.6730e+00
6.7411e+09   2.6760e+00
6.7672e+09   2.6790e+00
6.7933e+09   2.6820e+00
6.8196e+09   2.6850e+00
6.8459e+09   2.6880e+00
6.8724e+09   2.6910e+00
6.8989e+09   2.6940e+00
6.9255e+09   2.6970e+00
6.9521e+09   2.7000e+00
6.9789e+09   2.7030e+00
7.0058e+09   2.7060e+00
7.0327e+09   2.7090e+00
7.0597e+09   2.7120e+00
7.0868e+09   2.7150e+00
7.1140e+09   2.7180e+00
7.1413e+09   2.7210e+00
7.1686e+09   2.7240e+00
7.1961e+09   2.7270e+00
7.2236e+09   2.7300e+00
7.2512e+09   2.7330e+00
7.2789e+09   2.7360e+00
7.3067e+09   2.7390e+00
7.3345e+09   2.7420e+00
7.3625e+09   2.7450e+00
7.3905e+09   2.7480e+00
7.4186e+09   2.7510e+00
7.4468e+09   2.7540e+00
7.4751e+09   2.7570e+00
7.5035e+09   2.7600e+00
7.5319e+09   2.7630e+00
7.5604e+09   2.7660e+00
7.5891e+09   2.7690e+00
7.6178e+09   2.7720e+00
7.6465e+09   2.7750e+00
7.6754e+09   2.7780e+00
7.7044e+09   2.7810e+00
7.7334e+09   2.7840e+00
7.7625e+09   2.7870e+00
7.7917e+09   2.7900e+00
7.8210e+09   2.7930e+00
7.8504e+09   2.7960e+00
7.8798e+09   2.7990e+00
7.9094e+09   2.8020e+00
7.9390e+09   2.8050e+00
7.9687e+09   2.8080e+00
7.9985e+09   2.8110e+00
8.0283e+09   2.8140e+00
8.0583e+09   2.8170e+00
8.0883e+09   2.8200e+00
8.1184e+09   2.8230e+00
8.1486e+09   2.8260e+00
8.1789e+09   2.8290e+00
8.2092e+09   2.8320e+00
8.2396e+09   2.8350e+00
8.2702e+09   2.8380e+00
8.3007e+09   2.8410e+00
8.3314e+09   2.8440e+00
8.3622e+09   2.8470e+00
8.3930e+09   2.8500e+00
8.4239e+09   2.8530e+00
8.4549e+09   2.8560e+00
8.4860e+09   2.8590e+00
8.5171e+09   2.8620e+00
8.5483e+09   2.8650e+00
8.5796e+09   2.8680e+00
8.6110e+09   2.8710e+00
8.6425e+09   2.8740e+00
8.6740e+09   2.8770e+00
8.7056e+09   2.8800e+00
8.7373e+09   2.8830e+00
8.7691e+09   2.8860e+00
8.8009e+09   2.8890e+00
8.8328e+09   2.8920e+00
8.8648e+09   2.8950e+00
8.8969e+09   2.8980e+00
8.9290e+09   2.9010e+00
8.9613e+09   2.9040e+00
8.9935e+09   2.9070e+00
9.0259e+09   2.9100e+00
9.0583e+09   2.9130e+00
9.0908e+09   2.9160e+00
9.1234e+09   2.9190e+00
9.1561e+09   2.9220e+00
9.1888e+09   2.9250e+00
9.2216e+09   2.9280e+00
9.2544e+09   2.9310e+00
9.2874e+09   2.9340e+00
9.3203e+09   2.9370e+00
9.3534e+09   2.9400e+00
9.3865e+09   2.9430e+00
9.4197e+09   2.9460e+00
9.4530e+09   2.9490e+00
9.4863e+09   2.9520e+00
9.5197e+09   2.9550e+00
9.5532e+09   2.9580e+00
9.5867e+09   2.9610e+00
9.6203e+09   2.9640e+00
9.6540e+09   2.9670e+00
9.6877e+09   2.9700e+00
9.7215e+09   2.9730e+00
9.7553e+09   2.9760e+00
9.7892e+09   2.9790e+00
9.8232e+09   2.9820e+00
9.8572e+09   2.9850e+00
9.8913e+09   2.9880e+00
9.9255e+09   2.9910e+00
9.9597e+09   2.9940e+00
9.9939e+09   2.9970e+00
1.0028e+10   3.0000e+00
1.0063e+10   3.0030e+00
1.0097e+10   3.0060e+00
1.0131e+10   3.0090e+00
1.0166e+10   3.0120e+00
1.0201e+10   3.0150e+00
1.0235e+10   3.0180e+00
1.0270e+10   3.0210e+00
1.0305e+10   3.0240e+00
1.0339e+10   3.0270e+00
1.0374e+10   3.0300e+00
1.0409e+10   3.0330e+00
1.0444e+10   3.0360e+00
1.0479e+10   3.0390e+00
1.0514e+10   3.0420e+00
1.0549e+10   3.0450e+00
1.0584e+10   3.0480e+00
1.0619e+10   3.0510e+00
1.0654e+10   3.0540e+00
1.0690e+10   3.0570e+00
1.0725e+10   3.0600e+00
1.0760e+10   3.0630e+00
1.0796e+10   3.0660e+00
1.0831e+10   3.0690e+00
1.0866e+10   3.0720e+00
1.0902e+10   3.0750e+00
1.0937e+10   3.0780e+00
1.0973e+10   3.0810e+00
1.1008e+10   3.0840e+00
1.1044e+10   3.0870e+00
1.1079e+10   3.0900e+00
1.1115e+10   3.0930e+00
1.1151e+10   3.0960e+00
1.1186e+10   3.0990e+00
1.1222e+10   3.1020e+00
1.1258e+10   3.1050e+00
1.1293e+10   3.1080e+00
1.1329e+10   3.1110e+00
1.1365e+10   3.1140e+00
1.1401e+10   3.1170e+00
1.1436e+10   3.1200e+00
1.1472e+10   3.1230e+00
1.1508e+10   3.1260e+00
1.1544e+10   3.1290e+00
1.1580e+10   3.1320e+00
1.1615e+10   3.1350e+00
1.1651e+10   3.1380e+00
1.1687e+10   3.1410e+00
1.1723e+10   3.1440e+00
1.1759e+10   3.1470e+00
1.1795e+10   3.1500e+00
1.1830e+10   3.1530e+00
1.1866e+10   3.1560e+00
1.1902e+10   3.1590e+00
1.1938e+10   3.1620e+00
1.1974e+10   3.1650e+00
1.2010e+10   3.1680e+00
1.2045e+10   3.1710e+00
1.2081e+10   3.1740e+00
1.2117e+10   3.1770e+00
1.2153e+10   3.1800e+00
1.2188e+10   3.1830e+00
1.2224e+10   3.1860e+00
1.2260e+10   3.1890e+00
1.2295e+10   3.1920e+00
1.2331e+10   3.1950e+00
1.2367e+10   3.1980e+00
1.2402e+10   3.2010e+00
1.2438e+10   3.2040e+00
1.2473e+10   3.2070e+00
1.2509e+10   3.2100e+00
1.2544e+10   3.2130e+00
1.2580e+10   3.2160e+00
1.2615e+10   3.2190e+00
1.2650e+10   3.2220e+00
1.2685e+10   3.2250e+00
1.2721e+10   3.2280e+00
1.2756e+10   3.2310e+00
1.2791e+10   3.2340e+00
1.2826e+10   3.2370e+00
1.2861e+10   3.2400e+00
1.2896e+10   3.2430e+00
1.2931e+10   3.2460e+00
1.2965e+10   3.2490e+00
1.3000e+10   3.2520e+00
1.3035e+10   3.2550e+00
1.3069e+10   3.2580e+00
1.3104e+10   3.2610e+00
1.3138e+10   3.2640e+00
1.3172e+10   3.2670e+00
1.3207e+10   3.2700e+00
1.3241e+10   3.2730e+00
1.3275e+10   3.2760e+00
1.3309e+10   3.2790e+00
1.3343e+10   3.2820e+00
1.3377e+10   3.2850e+00
1.3410e+10   3.2880e+00
1.3444e+10   3.2910e+00
1.3477e+10   3.2940e+00
1.3511e+10   3.2970e+00
1.3544e+10   3.3000e+00
1.3577e+10   3.3030e+00
1.3610e+10   3.3060e+00
1.3643e+10   3.3090e+00
1.3676e+10   3.3120e+00
1.3709e+10   3.3150e+00
1.3741e+10   3.3180e+00
1.3773e+10   3.3210e+00
1.3806e+10   3.3240e+00
1.3838e+10   3.3270e+00
1.3870e+10   3.3300e+00
1.3902e+10   3.3330e+00
1.3933e+10   3.3360e+00
1.3965e+10   3.3390e+00
1.3996e+10   3.3420e+00
1.4027e+10   3.3450e+00
1.4059e+10   3.3480e+00
1.4089e+10   3.3510e+00
1.4120e+10   3.3540e+00
1.4151e+10   3.3570e+00
1.4181e+10   3.3600e+00
1.4211e+10   3.3630e+00
1.4241e+10   3.3660e+00
1.4271e+10   3.3690e+00
1.4301e+10   3.3720e+00
1.4330e+10   3.3750e+00
1.4359e+10   3.3780e+00
1.4388e+10   3.3810e+00
1.4417e+10   3.3840e+00
1.4446e+10   3.3870e+00
1.4474e+10   3.3900e+00
1.4502e+10   3.3930e+00
1.4530e+10   3.3960e+00
1.4558e+10   3.3990e+00
1.4586e+10   3.4020e+00
1.4613e+10   3.4050e+00
1.4640e+10   3.4080e+00
1.4667e+10   3.4110e+00
1.4693e+10   3.4140e+00
1.4719e+10   3.4170e+00
1.4745e+10   3.4200e+00
1.4771e+10   3.4230e+00
1.4797e+10   3.4260e+00
1.4822e+10   3.4290e+00
1.4847e+10   3.4320e+00
1.4872e+10   3.4350e+00
1.4896e+10   3.4380e+00
1.4920e+10   3.4410e+00
1.4944e+10   3.4440e+00
1.4967e+10   3.4470e+00
1.4991e+10   3.4500e+00
1.5014e+10   3.4530e+00
1.5036e+10   3.4560e+00
1.5058e+10   3.4590e+00
1.5080e+10   3.4620e+00
1.5102e+10   3.4650e+00
1.5123e+10   3.4680e+00
1.5144e+10   3.4710e+00
1.5165e+10   3.4740e+00
1.5185e+10   3.4770e+00
1.5205e+10   3.4800e+00
1.5225e+10   3.4830e+00
1.5244e+10   3.4860e+00
1.5263e+10   3.4890e+00
1.5281e+10   3.4920e+00
1.5299e+10   3.4950e+00
1.5317e+10   3.4980e+00
1.5334e+10   3.5010e+00
1.5351e+10   3.5040e+00
1.5368e+10   3.5070e+00
1.5384e+10   3.5100e+00
1.5400e+10   3.5130e+00
1.5415e+10   3.5160e+00
1.5430e+10   3.5190e+00
1.5444e+10   3.5220e+00
1.5458e+10   3.5250e+00
1.5472e+10   3.5280e+00
1.5485e+10   3.5310e+00
1.5498e+10   3.5340e+00
1.5510e+10   3.5370e+00
1.5522e+10   3.5400e+00
1.5533e+10   3.5430e+00
1.5544e+10   3.5460e+00
1.5554e+10   3.5490e+00
1.5564e+10   3.5520e+00
1.5574e+10   3.5550e+00
1.5583e+10   3.5580e+00
1.5591e+10   3.5610e+00
1.5599e+10   3.5640e+00
1.5606e+10   3.5670e+00
1.5613e+10   3.5700e+00
1.5619e+10   3.5730e+00
1.5625e+10   3.5760e+00
1.5630e+10   3.5790e+00
1.5635e+10   3.5820e+00
1.5639e+10   3.5850e+00
1.5643e+10   3.5880e+00
1.5646e+10   3.5910e+00
1.5648e+10   3.5940e+00
1.5650e+10   3.5970e+00
1.5651e+10   3.6000e+00
1.5652e+10   3.6030e+00
1.5652e+10   3.6060e+00
1.5651e+10   3.6090e+00
1.5650e+10   3.6120e+00
1.5649e+10   3.6150e+00
1.5646e+10   3.6180e+00
1.5643e+10   3.6210e+00
1.5640e+10   3.6240e+00
1.5635e+10   3.6270e+00
1.5630e+10   3.6300e+00
1.5625e+10   3.6330e+00
1.5618e+10   3.6360e+00
1.5611e+10   3.6390e+00
1.5604e+10   3.6420e+00
1.5595e+10   3.6450e+00
1.5586e+10   3.6480e+00
1.5577e+10   3.6510e+00
1.5566e+10   3.6540e+00
1.5555e+10   3.6570e+00
1.5543e+10   3.6600e+00
1.5531e+10   3.6630e+00
1.5517e+10   3.6660e+00
1.5503e+10   3.6690e+00
1.5489e+10   3.6720e+00
1.5473e+10   3.6750e+00
1.5457e+10   3.6780e+00
1.5440e+10   3.6810e+00
1.5422e+10   3.6840e+00
1.5403e+10   3.6870e+00
1.5384e+10   3.6900e+00
1.5363e+10   3.6930e+00
1.5342e+10   3.6960e+00
1.5321e+10   3.6990e+00
1.5298e+10   3.7020e+00
1.5274e+10   3.7050e+00
1.5250e+10   3.7080e+00
1.5225e+10   3.7110e+00
1.5199e+10   3.7140e+00
1.5172e+10   3.7170e+00
1.5145e+10   3.7200e+00
1.5116e+10   3.7230e+00
1.5087e+10   3.7260e+00
1.5056e+10   3.7290e+00
1.5025e+10   3.7320e+00
1.4993e+10   3.7350e+00
1.4960e+10   3.7380e+00
1.4926e+10   3.7410e+00
1.4891e+10   3.7440e+00
1.4856e+10   3.7470e+00
1.4819e+10   3.7500e+00
1.4782e+10   3.7530e+00
1.4743e+10   3.7560e+00
1.4704e+10   3.7590e+00
1.4663e+10   3.7620e+00
1.4622e+10   3.7650e+00
1.4580e+10   3.7680e+00
1.4537e+10   3.7710e+00
1.4493e+10   3.7740e+00
1.4447e+10   3.7770e+00
1.4401e+10   3.7800e+00
1.4354e+10   3.7830e+00
1.4306e+10   3.7860e+00
1.4257e+10   3.7890e+00
1.4207e+10   3.7920e+00
1.4156e+10   3.7950e+00
1.4104e+10   3.7980e+00
1.4051e+10   3.8010e+00
1.3997e+10   3.8040e+00
1.3941e+10   3.8070e+00
1.3885e+10   3.8100e+00
1.3828e+10   3.8130e+00
1.3770e+10   3.8160e+00
1.3711e+10   3.8190e+00
1.3650e+10   3.8220e+00
1.3589e+10   3.8250e+00
1.3526e+10   3.8280e+00
1.3463e+10   3.8310e+00
1.3398e+10   3.8340e+00
1.3333e+10   3.8370e+00
1.3266e+10   3.8400e+00
1.3199e+10   3.8430e+00
1.3130e+10   3.8460e+00
1.3060e+10   3.8490e+00
1.2989e+10   3.8520e+00
1.2917e+10   3.8550e+00
1.2844e+10   3.8580e+00
1.2770e+10   3.8610e+00
1.2695e+10   3.8640e+00
1.2619e+10   3.8670e+00
1.2541e+10   3.8700e+00
1.2463e+10   3.8730e+00
1.2383e+10   3.8760e+00
1.2303e+10   3.8790e+00
1.2221e+10   3.8820e+00
1.2139e+10   3.8850e+00
1.2055e+10   3.8880e+00
1.1970e+10   3.8910e+00
1.1884e+10   3.8940e+00
1.1797e+10   3.8970e+00
1.1709e+10   3.9000e+00
1.1620e+10   3.9030e+00
1.1530e+10   3.9060e+00
1.1439e+10   3.9090e+00
1.1346e+10   3.9120e+00
1.1253e+10   3.9150e+00
1.1159e+10   3.9180e+00
1.1063e+10   3.9210e+00
1.0967e+10   3.9240e+00
1.0869e+10   3.9270e+00
1.0771e+10   3.9300e+00
1.0672e+10   3.9330e+00
1.0571e+10   3.9360e+00
1.0470e+10   3.9390e+00
1.0367e+10   3.9420e+00
1.0264e+10   3.9450e+00
1.0159e+10   3.9480e+00
1.0054e+10   3.9510e+00
2.4758e+10   3.9540e+00
2.3918e+10   3.9570e+00
2.2875e+10   3.9600e+00
2.1845e+10   3.9630e+00
2.0827e+10   3.9660e+00
1.9823e+10   3.9690e+00
1.8833e+10   3.9720e+00
1.7857e+10   3.9750e+00
1.6898e+10   3.9780e+00
1.5956e+10   3.9810e+00
1.5031e+10   3.9840e+00
1.4125e+10   3.9870e+00
1.3238e+10   3.9900e+00
1.2372e+10   3.9930e+00
1.1527e+10   3.9960e+00
1.0705e+10   3.9990e+00
9.9066e+09   4.0020e+00
9.1331e+09   4.0050e+00
8.3856e+09   4.0080e+00
7.6652e+09   4.0110e+00
6.9730e+09   4.0140e+00
6.3103e+09   4.0170e+00
5.6781e+09   4.0200e+00
5.0777e+09   4.0230e+00
4.5100e+09   4.0260e+00
3.9760e+09   4.0290e+00
3.4765e+09   4.0320e+00
3.0123e+09   4.0350e+00
2.5839e+09   4.0380e+00
2.1914e+09   4.0410e+00
1.8350e+09   4.0440e+00
1.5141e+09   4.0470e+00
1.2282e+09   4.0500e+00
9.7611e+08   4.0530e+00
7.5659e+08   4.0560e+00
5.6797e+08   4.0590e+00
4.0840e+08   4.0620e+00
2.7596e+08   4.0650e+00
1.6874e+08   4.0680e+00
8.4930e+07   4.0710e+00
2.2021e+07   4.0740e+00
