Dia: 1.3 m | Vel: 15.0 km/s | theta: 60.0 deg | Strength: 5.0e+05 Pa
Power (W)    Altitude (m)
1.0208e+08   8.9961e+04
1.0244e+08   8.9922e+04
1.0280e+08   8.9883e+04
1.0316e+08   8.9844e+04
1.0352e+08   8.9805e+04
1.0388e+08   8.9766e+04
1.0425e+08   8.9727e+04
1.0461e+08   8.9688e+04
1.0498e+08   8.9649e+04
1.0535e+08   8.9610e+04
1.0572e+08   8.9571e+04
1.0610e+08   8.9532e+04
1.0647e+08   8.9493e+04
1.0684e+08   8.9454e+04
1.0722e+08   8.9415e+04
1.0760e+08   8.9376e+04
1.0798e+08   8.9337e+04
1.0836e+08   8.9299e+04
1.0874e+08   8.9260e+04
1.0912e+08   8.9221e+04
1.0951e+08   8.9182e+04
1.0990e+08   8.9143e+04
1.1028e+08   8.9104e+04
1.1067e+08   8.9065e+04
1.1107e+08   8.9026e+04
1.1146e+08   8.8987e+04
1.1185e+08   8.8948e+04
1.1225e+08   8.8909e+04
1.1264e+08   8.8870e+04
1.1304e+08   8.8831e+04
1.1344e+08   8.8792e+04
1.1385e+08   8.8753e+04
1.1425e+08   8.8714e+04
1.1465e+08   8.8675e+04
1.1506e+08   8.8636e+04
1.1547e+08   8.8597e+04
1.1588e+08   8.8558e+04
1.1629e+08   8.8519e+04
1.1670e+08   8.8480e+04
1.1711e+08   8.8441e+04
1.1753e+08   8.8402e+04
1.1795e+08   8.8363e+04
1.1837e+08   8.8324e+04
1.1879e+08   8.8285e+04
1.1921e+08   8.8246e+04
1.1963e+08   8.8207e+04
1.2006e+08   8.8168e+04
1.2048e+08   8.8129e+04
1.2091e+08   8.8090e+04
1.2134e+08   8.8052e+04
1.2177e+08   8.8013e+04
1.2221e+08   8.7974e+04
1.2264e+08   8.7935e+04
1.2308e+08   8.7896e+04
1.2352e+08   8.7857e+04
1.2396e+08   8.7818e+04
1.2440e+08   8.7779e+04
1.2484e+08   8.7740e+04
1.2529e+08   8.7701e+04
1.2574e+08   8.7662e+04
1.2619e+08   8.7623e+04
1.2664e+08   8.7584e+04
1.2709e+08   8.7545e+04
1.2754e+08   8.7506e+04
1.2800e+08   8.7467e+04
1.2846e+08   8.7428e+04
1.2891e+08   8.7389e+04
1.2938e+08   8.7350e+04
1.2984e+08   8.7311e+04
1.3030e+08   8.7272e+04
1.3077e+08   8.7233e+04
1.3124e+08   8.7194e+04
1.3171e+08   8.7155e+04
1.3218e+08   8.7116e+04
1.3265e+08   8.7077e+04
1.3313e+08   8.7038e+04
1.3360e+08   8.6999e+04
1.3408e+08   8.6960e+04
1.3456e+08   8.6921e+04
1.3505e+08   8.6883e+04
1.3553e+08   8.6844e+04
1.3602e+08   8.6805e+04
1.3651e+08   8.6766e+04
1.3700e+08   8.6727e+04
1.3749e+08   8.6688e+04
1.3798e+08   8.6649e+04
1.3848e+08   8.6610e+04
1.3898e+08   8.6571e+04
1.3948e+08   8.6532e+04
1.3998e+08   8.6493e+04
1.4048e+08   8.6454e+04
1.4099e+08   8.6415e+04
1.4150e+08   8.6376e+04
1.4201e+08   8.6337e+04
1.4252e+08   8.6298e+04
1.4303e+08   8.6259e+04
1.4355e+08   8.6220e+04
1.4406e+08   8.6181e+04
1.4458e+08   8.6142e+04
1.4510e+08   8.6103e+04
1.4563e+08   8.6064e+04
1.4615e+08   8.6025e+04
1.4668e+08   8.5986e+04
1.4721e+08   8.5947e+04
1.4774e+08   8.5908e+04
1.4828e+08   8.5869e+04
1.4881e+08   8.5830e+04
1.4935e+08   8.5791e+04
1.4989e+08   8.5753e+04
1.5043e+08   8.5714e+04
1.5098e+08   8.5675e+04
1.5152e+08   8.5636e+04
1.5207e+08   8.5597e+04
1.5262e+08   8.5558e+04
1.5318e+08   8.5519e+04
1.5373e+08   8.5480e+04
1.5429e+08   8.5441e+04
1.5485e+08   8.5402e+04
1.5541e+08   8.5363e+04
1.5597e+08   8.5324e+04
1.5654e+08   8.5285e+04
1.5711e+08   8.5246e+04
1.5768e+08   8.5207e+04
1.5825e+08   8.5168e+04
1.5883e+08   8.5129e+04
1.5940e+08   8.5090e+04
1.5998e+08   8.5051e+04
1.6056e+08   8.5012e+04
1.6115e+08   8.4973e+04
1.6173e+08   8.4934e+04
1.6232e+08   8.4895e+04
1.6291e+08   8.4856e+04
1.6351e+08   8.4817e+04
1.6410e+08   8.4778e+04
1.6470e+08   8.4739e+04
1.6530e+08   8.4700e+04
1.6590e+08   8.4662e+04
1.6651e+08   8.4623e+04
1.6711e+08   8.4584e+04
1.6772e+08   8.4545e+04
1.6834e+08   8.4506e+04
1.6895e+08   8.4467e+04
1.6957e+08   8.4428e+04
1.7019e+08   8.4389e+04
1.7081e+08   8.4350e+04
1.7143e+08   8.4311e+04
1.7206e+08   8.4272e+04
1.7269e+08   8.4233e+04
1.7332e+08   8.4194e+04
1.7395e+08   8.4155e+04
1.7459e+08   8.4116e+04
1.7523e+08   8.4077e+04
1.7587e+08   8.4038e+04
1.7651e+08   8.3999e+04
1.7716e+08   8.3960e+04
1.7781e+08   8.3921e+04
1.7846e+08   8.3882e+04
1.7912e+08   8.3843e+04
1.7977e+08   8.3804e+04
1.8043e+08   8.3765e+04
1.8110e+08   8.3726e+04
1.8176e+08   8.3687e+04
1.8243e+08   8.3649e+04
1.8310e+08   8.3610e+04
1.8377e+08   8.3571e+04
1.8445e+08   8.3532e+04
1.8512e+08   8.3493e+04
1.8580e+08   8.3454e+04
1.8649e+08   8.3415e+04
1.8717e+08   8.3376e+04
1.8786e+08   8.3337e+04
1.8855e+08   8.3298e+04
1.8925e+08   8.3259e+04
1.8994e+08   8.3220e+04
1.9064e+08   8.3181e+04
1.9135e+08   8.3142e+04
1.9205e+08   8.3103e+04
1.9276e+08   8.3064e+04
1.9347e+08   8.3025e+04
1.9418e+08   8.2986e+04
1.9490e+08   8.2947e+04
1.9562e+08   8.2908e+04
1.9634e+08   8.2869e+04
1.9707e+08   8.2830e+04
1.9780e+08   8.2791e+04
1.9853e+08   8.2752e+04
1.9926e+08   8.2713e+04
2.0000e+08   8.2674e+04
2.0074e+08   8.2636e+04
2.0148e+08   8.2597e+04
2.0222e+08   8.2558e+04
2.0297e+08   8.2519e+04
2.0372e+08   8.2480e+04
2.0448e+08   8.2441e+04
2.0524e+08   8.2402e+04
2.0600e+08   8.2363e+04
2.0676e+08   8.2324e+04
2.0753e+08   8.2285e+04
2.0830e+08   8.2246e+04
2.0907e+08   8.2207e+04
2.0985e+08   8.2168e+04
2.1062e+08   8.2129e+04
2.1141e+08   8.2090e+04
2.1219e+08   8.2051e+04
2.1298e+08   8.2012e+04
2.1377e+08   8.1973e+04
2.1457e+08   8.1934e+04
2.1536e+08   8.1895e+04
2.1616e+08   8.1856e+04
2.1697e+08   8.1817e+04
2.1778e+08   8.1778e+04
2.1859e+08   8.1739e+04
2.1940e+08   8.1701e+04
2.2022e+08   8.1662e+04
2.2104e+08   8.1623e+04
2.2186e+08   8.1584e+04
2.2269e+08   8.1545e+04
2.2352e+08   8.1506e+04
2.2435e+08   8.1467e+04
2.2519e+08   8.1428e+04
2.2603e+08   8.1389e+04
2.2687e+08   8.1350e+04
2.2772e+08   8.1311e+04
2.2857e+08   8.1272e+04
2.2943e+08   8.1233e+04
2.3028e+08   8.1194e+04
2.3114e+08   8.1155e+04
2.3201e+08   8.1116e+04
2.3288e+08   8.1077e+04
2.3375e+08   8.1038e+04
2.3462e+08   8.0999e+04
2.3550e+08   8.0960e+04
2.3638e+08   8.0921e+04
2.3727e+08   8.0882e+04
2.3816e+08   8.0843e+04
2.3905e+08   8.0804e+04
2.3994e+08   8.0766e+04
2.4084e+08   8.0727e+04
2.4175e+08   8.0688e+04
2.4265e+08   8.0649e+04
2.4356e+08   8.0610e+04
2.4448e+08   8.0571e+04
2.4540e+08   8.0532e+04
2.4632e+08   8.0493e+04
2.4724e+08   8.0454e+04
2.4817e+08   8.0415e+04
2.4911e+08   8.0376e+04
2.5004e+08   8.0337e+04
2.5098e+08   8.0298e+04
2.5193e+08   8.0259e+04
2.5288e+08   8.0220e+04
2.5383e+08   8.0181e+04
2.5478e+08   8.0142e+04
2.5574e+08   8.0103e+04
2.5671e+08   8.0064e+04
2.5767e+08   8.0025e+04
2.5864e+08   7.9986e+04
2.5962e+08   7.9947e+04
2.6060e+08   7.9909e+04
2.6158e+08   7.9870e+04
2.6257e+08   7.9831e+04
2.6356e+08   7.9792e+04
2.6456e+08   7.9753e+04
2.6556e+08   7.9714e+04
2.6656e+08   7.9675e+04
2.6757e+08   7.9636e+04
2.6858e+08   7.9597e+04
2.6959e+08   7.9558e+04
2.7061e+08   7.9519e+04
2.7164e+08   7.9480e+04
2.7266e+08   7.9441e+04
2.7370e+08   7.9402e+04
2.7473e+08   7.9363e+04
2.7577e+08   7.9324e+04
2.7682e+08   7.9285e+04
2.7787e+08   7.9246e+04
2.7892e+08   7.9207e+04
2.7998e+08   7.9168e+04
2.8104e+08   7.9129e+04
2.8211e+08   7.9090e+04
2.8318e+08   7.9052e+04
2.8425e+08   7.9013e+04
2.8533e+08   7.8974e+04
2.8642e+08   7.8935e+04
2.8750e+08   7.8896e+04
2.8860e+08   7.8857e+04
2.8969e+08   7.8818e+04
2.9080e+08   7.8779e+04
2.9190e+08   7.8740e+04
2.9301e+08   7.8701e+04
2.9413e+08   7.8662e+04
2.9525e+08   7.8623e+04
2.9637e+08   7.8584e+04
2.9750e+08   7.8545e+04
2.9863e+08   7.8506e+04
2.9977e+08   7.8467e+04
3.0091e+08   7.8428e+04
3.0206e+08   7.8389e+04
3.0321e+08   7.8350e+04
3.0437e+08   7.8311e+04
3.0553e+08   7.8272e+04
3.0670e+08   7.8234e+04
3.0787e+08   7.8195e+04
3.0905e+08   7.8156e+04
3.1023e+08   7.8117e+04
3.1141e+08   7.8078e+04
3.1260e+08   7.8039e+04
3.1380e+08   7.8000e+04
3.1500e+08   7.7961e+04
3.1620e+08   7.7922e+04
3.1741e+08   7.7883e+04
3.1863e+08   7.7844e+04
3.1985e+08   7.7805e+04
3.2107e+08   7.7766e+04
3.2231e+08   7.7727e+04
3.2354e+08   7.7688e+04
3.2478e+08   7.7649e+04
3.2603e+08   7.7610e+04
3.2728e+08   7.7571e+04
3.2853e+08   7.7532e+04
3.2979e+08   7.7493e+04
3.3106e+08   7.7454e+04
3.3233e+08   7.7416e+04
3.3361e+08   7.7377e+04
3.3489e+08   7.7338e+04
3.3618e+08   7.7299e+04
3.3747e+08   7.7260e+04
3.3877e+08   7.7221e+04
3.4007e+08   7.7182e+04
3.4138e+08   7.7143e+04
3.4269e+08   7.7104e+04
3.4401e+08   7.7065e+04
3.4534e+08   7.7026e+04
3.4667e+08   7.6987e+04
3.4800e+08   7.6948e+04
3.4934e+08   7.6909e+04
3.5069e+08   7.6870e+04
3.5204e+08   7.6831e+04
3.5340e+08   7.6792e+04
3.5476e+08   7.6753e+04
3.5613e+08   7.6714e+04
3.5751e+08   7.6675e+04
3.5889e+08   7.6637e+04
3.6028e+08   7.6598e+04
3.6167e+08   7.6559e+04
3.6307e+08   7.6520e+04
3.6447e+08   7.6481e+04
3.6588e+08   7.6442e+04
3.6729e+08   7.6403e+04
3.6872e+08   7.6364e+04
3.7014e+08   7.6325e+04
3.7158e+08   7.6286e+04
3.7302e+08   7.6247e+04
3.7446e+08   7.6208e+04
3.7591e+08   7.6169e+04
3.7737e+08   7.6130e+04
3.7883e+08   7.6091e+04
3.8030e+08   7.6052e+04
3.8178e+08   7.6013e+04
3.8326e+08   7.5974e+04
3.8474e+08   7.5935e+04
3.8624e+08   7.5896e+04
3.8774e+08   7.5858e+04
3.8924e+08   7.5819e+04
3.9076e+08   7.5780e+04
3.9228e+08   7.5741e+04
3.9380e+08   7.5702e+04
3.9533e+08   7.5663e+04
3.9687e+08   7.5624e+04
3.9841e+08   7.5585e+04
3.9997e+08   7.5546e+04
4.0152e+08   7.5507e+04
4.0309e+08   7.5468e+04
4.0466e+08   7.5429e+04
4.0623e+08   7.5390e+04
4.0782e+08   7.5351e+04
4.0941e+08   7.5312e+04
4.1100e+08   7.5273e+04
4.1261e+08   7.5234e+04
4.1422e+08   7.5195e+04
4.1583e+08   7.5156e+04
4.1746e+08   7.5118e+04
4.1909e+08   7.5079e+04
4.2072e+08   7.5040e+04
4.2237e+08   7.5001e+04
4.2402e+08   7.4962e+04
4.2568e+08   7.4923e+04
4.2734e+08   7.4884e+04
4.2901e+08   7.4845e+04
4.3069e+08   7.4806e+04
4.3238e+08   7.4767e+04
4.3407e+08   7.4728e+04
4.3577e+08   7.4689e+04
4.3748e+08   7.4650e+04
4.3919e+08   7.4611e+04
4.4091e+08   7.4572e+04
4.4264e+08   7.4533e+04
4.4438e+08   7.4494e+04
4.4612e+08   7.4455e+04
4.4787e+08   7.4416e+04
4.4963e+08   7.4378e+04
4.5139e+08   7.4339e+04
4.5317e+08   7.4300e+04
4.5495e+08   7.4261e+04
4.5673e+08   7.4222e+04
4.5853e+08   7.4183e+04
4.6033e+08   7.4144e+04
4.6214e+08   7.4105e+04
4.6396e+08   7.4066e+04
4.6579e+08   7.4027e+04
4.6762e+08   7.3988e+04
4.6946e+08   7.3949e+04
4.7131e+08   7.3910e+04
4.7317e+08   7.3871e+04
4.7503e+08   7.3832e+04
4.7690e+08   7.3793e+04
4.7878e+08   7.3754e+04
4.8067e+08   7.3715e+04
4.8257e+08   7.3677e+04
4.8447e+08   7.3638e+04
4.8638e+08   7.3599e+04
4.8830e+08   7.3560e+04
4.9023e+08   7.3521e+04
4.9217e+08   7.3482e+04
4.9411e+08   7.3443e+04
4.9607e+08   7.3404e+04
4.9803e+08   7.3365e+04
5.0000e+08   7.3326e+04
5.0197e+08   7.3287e+04
5.0396e+08   7.3248e+04
5.0595e+08   7.3209e+04
5.0796e+08   7.3170e+04
5.0997e+08   7.3131e+04
5.1199e+08   7.3092e+04
5.1402e+08   7.3053e+04
5.1605e+08   7.3014e+04
5.1810e+08   7.2976e+04
5.2015e+08   7.2937e+04
5.2222e+08   7.2898e+04
5.2429e+08   7.2859e+04
5.2637e+08   7.2820e+04
5.2846e+08   7.2781e+04
5.3056e+08   7.2742e+04
5.3267e+08   7.2703e+04
5.3478e+08   7.2664e+04
5.3691e+08   7.2625e+04
5.3904e+08   7.2586e+04
5.4118e+08   7.2547e+04
5.4334e+08   7.2508e+04
5.4550e+08   7.2469e+04
5.4767e+08   7.2430e+04
5.4985e+08   7.2391e+04
5.5204e+08   7.2352e+04
5.5424e+08   7.2314e+04
5.5644e+08   7.2275e+04
5.5866e+08   7.2236e+04
5.6089e+08   7.2197e+04
5.6313e+08   7.2158e+04
5.6537e+08   7.2119e+04
5.6763e+08   7.2080e+04
5.6989e+08   7.2041e+04
5.7217e+08   7.2002e+04
5.7445e+08   7.1963e+04
5.7675e+08   7.1924e+04
5.7905e+08   7.1885e+04
5.8136e+08   7.1846e+04
5.8369e+08   7.1807e+04
5.8602e+08   7.1768e+04
5.8836e+08   7.1729e+04
5.9072e+08   7.1690e+04
5.9308e+08   7.1652e+04
5.9545e+08   7.1613e+04
5.9784e+08   7.1574e+04
6.0023e+08   7.1535e+04
6.0264e+08   7.1496e+04
6.0505e+08   7.1457e+04
6.0748e+08   7.1418e+04
6.0991e+08   7.1379e+04
6.1236e+08   7.1340e+04
6.1481e+08   7.1301e+04
6.1728e+08   7.1262e+04
6.1976e+08   7.1223e+04
6.2224e+08   7.1184e+04
6.2474e+08   7.1145e+04
6.2725e+08   7.1106e+04
6.2977e+08   7.1067e+04
6.3230e+08   7.1028e+04
6.3485e+08   7.0990e+04
6.3740e+08   7.0951e+04
6.3996e+08   7.0912e+04
6.4254e+08   7.0873e+04
6.4512e+08   7.0834e+04
6.4772e+08   7.0795e+04
6.5033e+08   7.0756e+04
6.5294e+08   7.0717e+04
6.5558e+08   7.0678e+04
6.5822e+08   7.0639e+04
6.6087e+08   7.0600e+04
6.6353e+08   7.0561e+04
6.6621e+08   7.0522e+04
6.6890e+08   7.0483e+04
6.7160e+08   7.0444e+04
6.7431e+08   7.0405e+04
6.7703e+08   7.0367e+04
6.7976e+08   7.0328e+04
6.8251e+08   7.0289e+04
6.8527e+08   7.0250e+04
6.8804e+08   7.0211e+04
6.9082e+08   7.0172e+04
6.9361e+08   7.0133e+04
6.9642e+08   7.0094e+04
6.9923e+08   7.0055e+04
7.0206e+08   7.0016e+04
7.0490e+08   6.9977e+04
7.0776e+08   6.9938e+04
7.1062e+08   6.9899e+04
7.1350e+08   6.9860e+04
7.1639e+08   6.9821e+04
7.1930e+08   6.9782e+04
7.2221e+08   6.9744e+04
7.2514e+08   6.9705e+04
7.2808e+08   6.9666e+04
7.3104e+08   6.9627e+04
7.3401e+08   6.9588e+04
7.3699e+08   6.9549e+04
7.3998e+08   6.9510e+04
7.4298e+08   6.9471e+04
7.4600e+08   6.9432e+04
7.4903e+08   6.9393e+04
7.5208e+08   6.9354e+04
7.5514e+08   6.9315e+04
7.5821e+08   6.9276e+04
7.6129e+08   6.9237e+04
7.6439e+08   6.9198e+04
7.6750e+08   6.9159e+04
7.7063e+08   6.9121e+04
7.7376e+08   6.9082e+04
7.7692e+08   6.9043e+04
7.8008e+08   6.9004e+04
7.8326e+08   6.8965e+04
7.8645e+08   6.8926e+04
7.8966e+08   6.8887e+04
7.9288e+08   6.8848e+04
7.9612e+08   6.8809e+04
7.9937e+08   6.8770e+04
8.0263e+08   6.8731e+04
8.0591e+08   6.8692e+04
8.0920e+08   6.8653e+04
8.1250e+08   6.8614e+04
8.1582e+08   6.8575e+04
8.1916e+08   6.8537e+04
8.2251e+08   6.8498e+04
8.2587e+08   6.8459e+04
8.2925e+08   6.8420e+04
8.3264e+08   6.8381e+04
8.3605e+08   6.8342e+04
8.3947e+08   6.8303e+04
8.4291e+08   6.8264e+04
8.4636e+08   6.8225e+04
8.4983e+08   6.8186e+04
8.5331e+08   6.8147e+04
8.5681e+08   6.8108e+04
8.6032e+08   6.8069e+04
8.6385e+08   6.8030e+04
8.6739e+08   6.7991e+04
8.7095e+08   6.7953e+04
8.7453e+08   6.7914e+04
8.7812e+08   6.7875e+04
8.8172e+08   6.7836e+04
8.8534e+08   6.7797e+04
8.8898e+08   6.7758e+04
8.9263e+08   6.7719e+04
8.9630e+08   6.7680e+04
8.9999e+08   6.7641e+04
9.0369e+08   6.7602e+04
9.0740e+08   6.7563e+04
9.1114e+08   6.7524e+04
9.1489e+08   6.7485e+04
9.1865e+08   6.7446e+04
9.2244e+08   6.7407e+04
9.2624e+08   6.7369e+04
9.3005e+08   6.7330e+04
9.3388e+08   6.7291e+04
9.3773e+08   6.7252e+04
9.4160e+08   6.7213e+04
9.4548e+08   6.7174e+04
9.4938e+08   6.7135e+04
9.5330e+08   6.7096e+04
9.5723e+08   6.7057e+04
9.6119e+08   6.7018e+04
9.6515e+08   6.6979e+04
9.6914e+08   6.6940e+04
9.7314e+08   6.6901e+04
9.7717e+08   6.6862e+04
9.8120e+08   6.6823e+04
9.8526e+08   6.6785e+04
9.8933e+08   6.6746e+04
9.9343e+08   6.6707e+04
9.9754e+08   6.6668e+04
1.0017e+09   6.6629e+04
1.0058e+09   6.6590e+04
1.0100e+09   6.6551e+04
1.0142e+09   6.6512e+04
1.0184e+09   6.6473e+04
1.0226e+09   6.6434e+04
1.0268e+09   6.6395e+04
1.0311e+09   6.6356e+04
1.0353e+09   6.6317e+04
1.0396e+09   6.6278e+04
1.0440e+09   6.6240e+04
1.0483e+09   6.6201e+04
1.0526e+09   6.6162e+04
1.0570e+09   6.6123e+04
1.0614e+09   6.6084e+04
1.0658e+09   6.6045e+04
1.0702e+09   6.6006e+04
1.0747e+09   6.5967e+04
1.0791e+09   6.5928e+04
1.0836e+09   6.5889e+04
1.0881e+09   6.5850e+04
1.0927e+09   6.5811e+04
1.0972e+09   6.5772e+04
1.1018e+09   6.5733e+04
1.1064e+09   6.5695e+04
1.1110e+09   6.5656e+04
1.1156e+09   6.5617e+04
1.1202e+09   6.5578e+04
1.1249e+09   6.5539e+04
1.1296e+09   6.5500e+04
1.1343e+09   6.5461e+04
1.1390e+09   6.5422e+04
1.1438e+09   6.5383e+04
1.1486e+09   6.5344e+04
1.1533e+09   6.5305e+04
1.1582e+09   6.5266e+04
1.1630e+09   6.5227e+04
1.1678e+09   6.5188e+04
1.1727e+09   6.5150e+04
1.1776e+09   6.5111e+04
1.1825e+09   6.5072e+04
1.1875e+09   6.5033e+04
1.1925e+09   6.4994e+04
1.1974e+09   6.4955e+04
1.2024e+09   6.4916e+04
1.2075e+09   6.4877e+04
1.2125e+09   6.4838e+04
1.2176e+09   6.4799e+04
1.2227e+09   6.4760e+04
1.2278e+09   6.4721e+04
1.2330e+09   6.4682e+04
1.2381e+09   6.4644e+04
1.2433e+09   6.4605e+04
1.2485e+09   6.4566e+04
1.2538e+09   6.4527e+04
1.2590e+09   6.4488e+04
1.2643e+09   6.4449e+04
1.2696e+09   6.4410e+04
1.2749e+09   6.4371e+04
1.2803e+09   6.4332e+04
1.2856e+09   6.4293e+04
1.2910e+09   6.4254e+04
1.2965e+09   6.4215e+04
1.3019e+09   6.4176e+04
1.3074e+09   6.4137e+04
1.3129e+09   6.4099e+04
1.3184e+09   6.4060e+04
1.3239e+09   6.4021e+04
1.3295e+09   6.3982e+04
1.3351e+09   6.3943e+04
1.3407e+09   6.3904e+04
1.3463e+09   6.3865e+04
1.3520e+09   6.3826e+04
1.3577e+09   6.3787e+04
1.3634e+09   6.3748e+04
1.3692e+09   6.3709e+04
1.3749e+09   6.3670e+04
1.3807e+09   6.3631e+04
1.3865e+09   6.3593e+04
1.3924e+09   6.3554e+04
1.3982e+09   6.3515e+04
1.4041e+09   6.3476e+04
1.4101e+09   6.3437e+04
1.4160e+09   6.3398e+04
1.4220e+09   6.3359e+04
1.4280e+09   6.3320e+04
1.4340e+09   6.3281e+04
1.4401e+09   6.3242e+04
1.4462e+09   6.3203e+04
1.4523e+09   6.3164e+04
1.4584e+09   6.3125e+04
1.4646e+09   6.3087e+04
1.4708e+09   6.3048e+04
1.4770e+09   6.3009e+04
1.4832e+09   6.2970e+04
1.4895e+09   6.2931e+04
1.4958e+09   6.2892e+04
1.5021e+09   6.2853e+04
1.5085e+09   6.2814e+04
1.5149e+09   6.2775e+04
1.5213e+09   6.2736e+04
1.5277e+09   6.2697e+04
1.5342e+09   6.2658e+04
1.5407e+09   6.2620e+04
1.5472e+09   6.2581e+04
1.5538e+09   6.2542e+04
1.5603e+09   6.2503e+04
1.5670e+09   6.2464e+04
1.5736e+09   6.2425e+04
1.5803e+09   6.2386e+04
1.5870e+09   6.2347e+04
1.5937e+09   6.2308e+04
1.6005e+09   6.2269e+04
1.6073e+09   6.2230e+04
1.6141e+09   6.2191e+04
1.6210e+09   6.2152e+04
1.6278e+09   6.2114e+04
1.6348e+09   6.2075e+04
1.6417e+09   6.2036e+04
1.6487e+09   6.1997e+04
1.6557e+09   6.1958e+04
1.6627e+09   6.1919e+04
1.6698e+09   6.1880e+04
1.6769e+09   6.1841e+04
1.6840e+09   6.1802e+04
1.6912e+09   6.1763e+04
1.6984e+09   6.1724e+04
1.7056e+09   6.1685e+04
1.7129e+09   6.1647e+04
1.7202e+09   6.1608e+04
1.7275e+09   6.1569e+04
1.7348e+09   6.1530e+04
1.7422e+09   6.1491e+04
1.7497e+09   6.1452e+04
1.7571e+09   6.1413e+04
1.7646e+09   6.1374e+04
1.7721e+09   6.1335e+04
1.7797e+09   6.1296e+04
1.7873e+09   6.1257e+04
1.7949e+09   6.1218e+04
1.8026e+09   6.1180e+04
1.8102e+09   6.1141e+04
1.8180e+09   6.1102e+04
1.8257e+09   6.1063e+04
1.8335e+09   6.1024e+04
1.8414e+09   6.0985e+04
1.8492e+09   6.0946e+04
1.8571e+09   6.0907e+04
1.8651e+09   6.0868e+04
1.8730e+09   6.0829e+04
1.8810e+09   6.0790e+04
1.8891e+09   6.0751e+04
1.8971e+09   6.0713e+04
1.9053e+09   6.0674e+04
1.9134e+09   6.0635e+04
1.9216e+09   6.0596e+04
1.9298e+09   6.0557e+04
1.9381e+09   6.0518e+04
1.9464e+09   6.0479e+04
1.9547e+09   6.0440e+04
1.9631e+09   6.0401e+04
1.9715e+09   6.0362e+04
1.9799e+09   6.0323e+04
1.9884e+09   6.0284e+04
1.9969e+09   6.0246e+04
2.0055e+09   6.0207e+04
2.0140e+09   6.0168e+04
2.0227e+09   6.0129e+04
2.0313e+09   6.0090e+04
2.0401e+09   6.0051e+04
2.0488e+09   6.0012e+04
2.0576e+09   5.9973e+04
2.0664e+09   5.9934e+04
2.0753e+09   5.9895e+04
2.0842e+09   5.9856e+04
2.0931e+09   5.9818e+04
2.1021e+09   5.9779e+04
2.1111e+09   5.9740e+04
2.1202e+09   5.9701e+04
2.1293e+09   5.9662e+04
2.1384e+09   5.9623e+04
2.1476e+09   5.9584e+04
2.1568e+09   5.9545e+04
2.1661e+09   5.9506e+04
2.1754e+09   5.9467e+04
2.1848e+09   5.9428e+04
2.1942e+09   5.9390e+04
2.2036e+09   5.9351e+04
2.2131e+09   5.9312e+04
2.2226e+09   5.9273e+04
2.2321e+09   5.9234e+04
2.2417e+09   5.9195e+04
2.2514e+09   5.9156e+04
2.2611e+09   5.9117e+04
2.2708e+09   5.9078e+04
2.2806e+09   5.9039e+04
2.2904e+09   5.9000e+04
2.3002e+09   5.8962e+04
2.3101e+09   5.8923e+04
2.3201e+09   5.8884e+04
2.3301e+09   5.8845e+04
2.3401e+09   5.8806e+04
2.3502e+09   5.8767e+04
2.3603e+09   5.8728e+04
2.3705e+09   5.8689e+04
2.3807e+09   5.8650e+04
2.3909e+09   5.8611e+04
2.4013e+09   5.8572e+04
2.4116e+09   5.8534e+04
2.4220e+09   5.8495e+04
2.4324e+09   5.8456e+04
2.4429e+09   5.8417e+04
2.4535e+09   5.8378e+04
2.4640e+09   5.8339e+04
2.4747e+09   5.8300e+04
2.4853e+09   5.8261e+04
2.4961e+09   5.8222e+04
2.5068e+09   5.8183e+04
2.5176e+09   5.8144e+04
2.5285e+09   5.8106e+04
2.5394e+09   5.8067e+04
2.5504e+09   5.8028e+04
2.5614e+09   5.7989e+04
2.5725e+09   5.7950e+04
2.5836e+09   5.7911e+04
2.5947e+09   5.7872e+04
2.6059e+09   5.7833e+04
2.6172e+09   5.7794e+04
2.6285e+09   5.7755e+04
2.6398e+09   5.7716e+04
2.6512e+09   5.7678e+04
2.6627e+09   5.7639e+04
2.6742e+09   5.7600e+04
2.6858e+09   5.7561e+04
2.6974e+09   5.7522e+04
2.7090e+09   5.7483e+04
2.7207e+09   5.7444e+04
2.7325e+09   5.7405e+04
2.7443e+09   5.7366e+04
2.7562e+09   5.7327e+04
2.7681e+09   5.7289e+04
2.7800e+09   5.7250e+04
2.7921e+09   5.7211e+04
2.8041e+09   5.7172e+04
2.8163e+09   5.7133e+04
2.8285e+09   5.7094e+04
2.8407e+09   5.7055e+04
2.8530e+09   5.7016e+04
2.8653e+09   5.6977e+04
2.8777e+09   5.6938e+04
2.8902e+09   5.6899e+04
2.9027e+09   5.6861e+04
2.9152e+09   5.6822e+04
2.9278e+09   5.6783e+04
2.9405e+09   5.6744e+04
2.9532e+09   5.6705e+04
2.9660e+09   5.6666e+04
2.9789e+09   5.6627e+04
2.9918e+09   5.6588e+04
3.0047e+09   5.6549e+04
3.0177e+09   5.6510e+04
3.0308e+09   5.6472e+04
3.0439e+09   5.6433e+04
3.0571e+09   5.6394e+04
3.0703e+09   5.6355e+04
3.0836e+09   5.6316e+04
3.0970e+09   5.6277e+04
3.1104e+09   5.6238e+04
3.1239e+09   5.6199e+04
3.1374e+09   5.6160e+04
3.1510e+09   5.6121e+04
3.1646e+09   5.6083e+04
3.1783e+09   5.6044e+04
3.1921e+09   5.6005e+04
3.2059e+09   5.5966e+04
3.2198e+09   5.5927e+04
3.2337e+09   5.5888e+04
3.2478e+09   5.5849e+04
3.2618e+09   5.5810e+04
3.2760e+09   5.5771e+04
3.2901e+09   5.5733e+04
3.3044e+09   5.5694e+04
3.3187e+09   5.5655e+04
3.3331e+09   5.5616e+04
3.3475e+09   5.5577e+04
3.3620e+09   5.5538e+04
3.3766e+09   5.5499e+04
3.3912e+09   5.5460e+04
3.4059e+09   5.5421e+04
3.4207e+09   5.5382e+04
3.4355e+09   5.5344e+04
3.4504e+09   5.5305e+04
3.4653e+09   5.5266e+04
3.4803e+09   5.5227e+04
3.4954e+09   5.5188e+04
3.5106e+09   5.5149e+04
3.5258e+09   5.5110e+04
3.5410e+09   5.5071e+04
3.5564e+09   5.5032e+04
3.5718e+09   5.4993e+04
3.5873e+09   5.4955e+04
3.6028e+09   5.4916e+04
3.6184e+09   5.4877e+04
3.6341e+09   5.4838e+04
3.6498e+09   5.4799e+04
3.6656e+09   5.4760e+04
3.6815e+09   5.4721e+04
3.6974e+09   5.4682e+04
3.7134e+09   5.4643e+04
3.7295e+09   5.4605e+04
3.7457e+09   5.4566e+04
3.7619e+09   5.4527e+04
3.7782e+09   5.4488e+04
3.7945e+09   5.4449e+04
3.8110e+09   5.4410e+04
3.8275e+09   5.4371e+04
3.8440e+09   5.4332e+04
3.8607e+09   5.4293e+04
3.8774e+09   5.4255e+04
3.8942e+09   5.4216e+04
3.9110e+09   5.4177e+04
3.9279e+09   5.4138e+04
3.9449e+09   5.4099e+04
3.9620e+09   5.4060e+04
3.9792e+09   5.4021e+04
3.9964e+09   5.3982e+04
4.0137e+09   5.3943e+04
4.0310e+09   5.3905e+04
4.0485e+09   5.3866e+04
4.0660e+09   5.3827e+04
4.0835e+09   5.3788e+04
4.1012e+09   5.3749e+04
4.1189e+09   5.3710e+04
4.1367e+09   5.3671e+04
4.1546e+09   5.3632e+04
4.1726e+09   5.3593e+04
4.1906e+09   5.3555e+04
4.2087e+09   5.3516e+04
4.2269e+09   5.3477e+04
4.2452e+09   5.3438e+04
4.2635e+09   5.3399e+04
4.2819e+09   5.3360e+04
4.3004e+09   5.3321e+04
4.3190e+09   5.3282e+04
4.3376e+09   5.3243e+04
4.3564e+09   5.3205e+04
4.3752e+09   5.3166e+04
4.3941e+09   5.3127e+04
4.4130e+09   5.3088e+04
4.4321e+09   5.3049e+04
4.4512e+09   5.3010e+04
4.4704e+09   5.2971e+04
4.4897e+09   5.2932e+04
4.5090e+09   5.2893e+04
4.5285e+09   5.2855e+04
4.5480e+09   5.2816e+04
4.5676e+09   5.2777e+04
4.5873e+09   5.2738e+04
4.6070e+09   5.2699e+04
4.6269e+09   5.2660e+04
4.6468e+09   5.2621e+04
4.6668e+09   5.2582e+04
4.6869e+09   5.2544e+04
4.7071e+09   5.2505e+04
4.7274e+09   5.2466e+04
4.7477e+09   5.2427e+04
4.7681e+09   5.2388e+04
4.7887e+09   5.2349e+04
4.8093e+09   5.2310e+04
4.8299e+09   5.2271e+04
4.8507e+09   5.2232e+04
4.8715e+09   5.2194e+04
4.8925e+09   5.2155e+04
4.9135e+09   5.2116e+04
4.9346e+09   5.2077e+04
4.9558e+09   5.2038e+04
4.9771e+09   5.1999e+04
4.9984e+09   5.1960e+04
5.0199e+09   5.1921e+04
5.0414e+09   5.1883e+04
5.0631e+09   5.1844e+04
5.0848e+09   5.1805e+04
5.1066e+09   5.1766e+04
5.1285e+09   5.1727e+04
5.1504e+09   5.1688e+04
5.1725e+09   5.1649e+04
5.1947e+09   5.1610e+04
5.2169e+09   5.1572e+04
5.2392e+09   5.1533e+04
5.2617e+09   5.1494e+04
5.2842e+09   5.1455e+04
5.3068e+09   5.1416e+04
5.3295e+09   5.1377e+04
5.3522e+09   5.1338e+04
5.3751e+09   5.1299e+04
5.3981e+09   5.1261e+04
5.4211e+09   5.1222e+04
5.4443e+09   5.1183e+04
5.4675e+09   5.1144e+04
5.4908e+09   5.1105e+04
5.5143e+09   5.1066e+04
5.5378e+09   5.1027e+04
5.5614e+09   5.0988e+04
5.5851e+09   5.0950e+04
5.6089e+09   5.0911e+04
5.6328e+09   5.0872e+04
5.6567e+09   5.0833e+04
5.6808e+09   5.0794e+04
5.7050e+09   5.0755e+04
5.7292e+09   5.0716e+04
5.7536e+09   5.0677e+04
5.7780e+09   5.0639e+04
5.8026e+09   5.0600e+04
5.8272e+09   5.0561e+04
5.8519e+09   5.0522e+04
5.8768e+09   5.0483e+04
5.9017e+09   5.0444e+04
5.9267e+09   5.0405e+04
5.9518e+09   5.0367e+04
5.9770e+09   5.0328e+04
6.0024e+09   5.0289e+04
6.0278e+09   5.0250e+04
6.0533e+09   5.0211e+04
6.0789e+09   5.0172e+04
6.1046e+09   5.0133e+04
6.1304e+09   5.0094e+04
6.1562e+09   5.0056e+04
6.1822e+09   5.0017e+04
6.2083e+09   4.9978e+04
6.2345e+09   4.9939e+04
6.2608e+09   4.9900e+04
6.2872e+09   4.9861e+04
6.3136e+09   4.9822e+04
6.3402e+09   4.9784e+04
6.3669e+09   4.9745e+04
6.3937e+09   4.9706e+04
6.4206e+09   4.9667e+04
6.4475e+09   4.9628e+04
6.4746e+09   4.9589e+04
6.5018e+09   4.9550e+04
6.5291e+09   4.9511e+04
6.5564e+09   4.9473e+04
6.5839e+09   4.9434e+04
6.6115e+09   4.9395e+04
6.6392e+09   4.9356e+04
6.6669e+09   4.9317e+04
6.6948e+09   4.9278e+04
6.7228e+09   4.9239e+04
6.7509e+09   4.9201e+04
6.7790e+09   4.9162e+04
6.8073e+09   4.9123e+04
6.8357e+09   4.9084e+04
6.8642e+09   4.9045e+04
6.8928e+09   4.9006e+04
6.9215e+09   4.8967e+04
6.9503e+09   4.8929e+04
6.9791e+09   4.8890e+04
7.0081e+09   4.8851e+04
7.0372e+09   4.8812e+04
7.0664e+09   4.8773e+04
7.0957e+09   4.8734e+04
7.1251e+09   4.8695e+04
7.1546e+09   4.8657e+04
7.1842e+09   4.8618e+04
7.2139e+09   4.8579e+04
7.2437e+09   4.8540e+04
7.2737e+09   4.8501e+04
7.3037e+09   4.8462e+04
7.3338e+09   4.8423e+04
7.3640e+09   4.8385e+04
7.3943e+09   4.8346e+04
7.4248e+09   4.8307e+04
7.4553e+09   4.8268e+04
7.4859e+09   4.8229e+04
7.5167e+09   4.8190e+04
7.5475e+09   4.8152e+04
7.5784e+09   4.8113e+04
7.6095e+09   4.8074e+04
7.6406e+09   4.8035e+04
7.6719e+09   4.7996e+04
7.7032e+09   4.7957e+04
7.7347e+09   4.7918e+04
7.7662e+09   4.7880e+04
7.7979e+09   4.7841e+04
7.8296e+09   4.7802e+04
7.8615e+09   4.7763e+04
7.8935e+09   4.7724e+04
7.9255e+09   4.7685e+04
7.9577e+09   4.7646e+04
7.9900e+09   4.7608e+04
8.0223e+09   4.7569e+04
8.0548e+09   4.7530e+04
8.0874e+09   4.7491e+04
8.1201e+09   4.7452e+04
8.1528e+09   4.7413e+04
8.1857e+09   4.7375e+04
8.2187e+09   4.7336e+04
8.2518e+09   4.7297e+04
8.2850e+09   4.7258e+04
8.3183e+09   4.7219e+04
8.3517e+09   4.7180e+04
8.3851e+09   4.7142e+04
8.4187e+09   4.7103e+04
8.4524e+09   4.7064e+04
8.4862e+09   4.7025e+04
8.5201e+09   4.6986e+04
8.5541e+09   4.6947e+04
8.5882e+09   4.6908e+04
8.6224e+09   4.6870e+04
8.6566e+09   4.6831e+04
8.6910e+09   4.6792e+04
8.7255e+09   4.6753e+04
8.7601e+09   4.6714e+04
8.7948e+09   4.6675e+04
8.8295e+09   4.6637e+04
8.8644e+09   4.6598e+04
8.8994e+09   4.6559e+04
8.9344e+09   4.6520e+04
8.9696e+09   4.6481e+04
9.0049e+09   4.6442e+04
9.0402e+09   4.6404e+04
9.0757e+09   4.6365e+04
9.1112e+09   4.6326e+04
9.1468e+09   4.6287e+04
9.1826e+09   4.6248e+04
9.2184e+09   4.6209e+04
9.2543e+09   4.6171e+04
9.2903e+09   4.6132e+04
9.3264e+09   4.6093e+04
9.3626e+09   4.6054e+04
9.3989e+09   4.6015e+04
9.4353e+09   4.5976e+04
9.4718e+09   4.5938e+04
9.5083e+09   4.5899e+04
9.5450e+09   4.5860e+04
9.5817e+09   4.5821e+04
9.6185e+09   4.5782e+04
9.6555e+09   4.5744e+04
9.6925e+09   4.5705e+04
9.7295e+09   4.5666e+04
9.7667e+09   4.5627e+04
9.8040e+09   4.5588e+04
9.8413e+09   4.5549e+04
9.8788e+09   4.5511e+04
9.9163e+09   4.5472e+04
9.9539e+09   4.5433e+04
9.9915e+09   4.5394e+04
1.0029e+10   4.5355e+04
1.0067e+10   4.5316e+04
1.0105e+10   4.5278e+04
1.0143e+10   4.5239e+04
1.0181e+10   4.5200e+04
1.0219e+10   4.5161e+04
1.0258e+10   4.5122e+04
1.0296e+10   4.5084e+04
1.0334e+10   4.5045e+04
1.0373e+10   4.5006e+04
1.0411e+10   4.4967e+04
1.0450e+10   4.4928e+04
1.0489e+10   4.4889e+04
1.0527e+10   4.4851e+04
1.0566e+10   4.4812e+04
1.0605e+10   4.4773e+04
1.0644e+10   4.4734e+04
1.0683e+10   4.4695e+04
1.0722e+10   4.4657e+04
1.0761e+10   4.4618e+04
1.0801e+10   4.4579e+04
1.0840e+10   4.4540e+04
1.0879e+10   4.4501e+04
1.0919e+10   4.4463e+04
1.0958e+10   4.4424e+04
1.0998e+10   4.4385e+04
1.1037e+10   4.4346e+04
1.1077e+10   4.4307e+04
1.1117e+10   4.4269e+04
1.1156e+10   4.4230e+04
1.1196e+10   4.4191e+04
1.1236e+10   4.4152e+04
1.1276e+10   4.4113e+04
1.1316e+10   4.4075e+04
1.1356e+10   4.4036e+04
1.1396e+10   4.3997e+04
1.1436e+10   4.3958e+04
1.1476e+10   4.3919e+04
1.1516e+10   4.3881e+04
1.1557e+10   4.3842e+04
1.1597e+10   4.3803e+04
1.1637e+10   4.3764e+04
1.1678e+10   4.3725e+04
1.1718e+10   4.3687e+04
1.1758e+10   4.3648e+04
1.1799e+10   4.3609e+04
1.1839e+10   4.3570e+04
1.1880e+10   4.3531e+04
1.1920e+10   4.3493e+04
1.1961e+10   4.3454e+04
1.2002e+10   4.3415e+04
1.2042e+10   4.3376e+04
1.2083e+10   4.3337e+04
1.2124e+10   4.3299e+04
1.2164e+10   4.3260e+04
1.2205e+10   4.3221e+04
1.2246e+10   4.3182e+04
1.2286e+10   4.3143e+04
1.2327e+10   4.3105e+04
1.2368e+10   4.3066e+04
1.2409e+10   4.3027e+04
1.2449e+10   4.2988e+04
1.2490e+10   4.2949e+04
1.2531e+10   4.2911e+04
1.2572e+10   4.2872e+04
1.2612e+10   4.2833e+04
1.2653e+10   4.2794e+04
1.2694e+10   4.2756e+04
1.2734e+10   4.2717e+04
1.2775e+10   4.2678e+04
1.2816e+10   4.2639e+04
1.2857e+10   4.2600e+04
1.2897e+10   4.2562e+04
1.2938e+10   4.2523e+04
1.2978e+10   4.2484e+04
1.3019e+10   4.2445e+04
1.3060e+10   4.2407e+04
1.3100e+10   4.2368e+04
1.3141e+10   4.2329e+04
1.3181e+10   4.2290e+04
1.3221e+10   4.2251e+04
1.3262e+10   4.2213e+04
1.3302e+10   4.2174e+04
1.3342e+10   4.2135e+04
1.3383e+10   4.2096e+04
1.3423e+10   4.2058e+04
1.3463e+10   4.2019e+04
1.3503e+10   4.1980e+04
1.3543e+10   4.1941e+04
1.3583e+10   4.1903e+04
1.3623e+10   4.1864e+04
1.3663e+10   4.1825e+04
1.3702e+10   4.1786e+04
1.3742e+10   4.1748e+04
1.3781e+10   4.1709e+04
1.3821e+10   4.1670e+04
1.3860e+10   4.1631e+04
1.3900e+10   4.1592e+04
1.3939e+10   4.1554e+04
1.3978e+10   4.1515e+04
1.4017e+10   4.1476e+04
1.4056e+10   4.1437e+04
1.4095e+10   4.1399e+04
1.4133e+10   4.1360e+04
1.4172e+10   4.1321e+04
1.4211e+10   4.1282e+04
1.4249e+10   4.1244e+04
1.4287e+10   4.1205e+04
1.4325e+10   4.1166e+04
1.4363e+10   4.1127e+04
1.4401e+10   4.1089e+04
1.4439e+10   4.1050e+04
1.4476e+10   4.1011e+04
1.4514e+10   4.0972e+04
1.4551e+10   4.0934e+04
1.4588e+10   4.0895e+04
1.4625e+10   4.0856e+04
1.4662e+10   4.0818e+04
1.4699e+10   4.0779e+04
1.4735e+10   4.0740e+04
1.4771e+10   4.0701e+04
1.4807e+10   4.0663e+04
1.4843e+10   4.0624e+04
1.4879e+10   4.0585e+04
1.4915e+10   4.0546e+04
1.4950e+10   4.0508e+04
1.4985e+10   4.0469e+04
1.5020e+10   4.0430e+04
1.5055e+10   4.0391e+04
1.5089e+10   4.0353e+04
1.5123e+10   4.0314e+04
1.5158e+10   4.0275e+04
1.5191e+10   4.0237e+04
1.5225e+10   4.0198e+04
1.5258e+10   4.0159e+04
1.5291e+10   4.0120e+04
1.5324e+10   4.0082e+04
1.5357e+10   4.0043e+04
1.5389e+10   4.0004e+04
1.5421e+10   3.9966e+04
1.5453e+10   3.9927e+04
1.5485e+10   3.9888e+04
1.5516e+10   3.9849e+04
1.5547e+10   3.9811e+04
1.5578e+10   3.9772e+04
1.5608e+10   3.9733e+04
1.5638e+10   3.9695e+04
1.5668e+10   3.9656e+04
1.5697e+10   3.9617e+04
1.5727e+10   3.9578e+04
1.5755e+10   3.9540e+04
1.5784e+10   3.9501e+04
1.5812e+10   3.9462e+04
1.5840e+10   3.9424e+04
1.5867e+10   3.9385e+04
1.5895e+10   3.9346e+04
1.5921e+10   3.9308e+04
1.5948e+10   3.9269e+04
1.5974e+10   3.9230e+04
1.5999e+10   3.9191e+04
1.6025e+10   3.9153e+04
1.6049e+10   3.9114e+04
1.6074e+10   3.9075e+04
1.6098e+10   3.9037e+04
1.6122e+10   3.8998e+04
1.6145e+10   3.8959e+04
4.0352e+10   3.8921e+04
4.0478e+10   3.8882e+04
4.0431e+10   3.8843e+04
4.0382e+10   3.8805e+04
4.0330e+10   3.8766e+04
4.0276e+10   3.8727e+04
4.0220e+10   3.8689e+04
4.0162e+10   3.8650e+04
4.0101e+10   3.8611e+04
4.0038e+10   3.8573e+04
3.9973e+10   3.8534e+04
3.9905e+10   3.8495e+04
3.9835e+10   3.8457e+04
3.9762e+10   3.8418e+04
3.9687e+10   3.8379e+04
3.9609e+10   3.8341e+04
3.9529e+10   3.8302e+04
3.9447e+10   3.8263e+04
3.9362e+10   3.8225e+04
3.9274e+10   3.8186e+04
3.9184e+10   3.8147e+04
3.9092e+10   3.8109e+04
3.8996e+10   3.8070e+04
3.8898e+10   3.8031e+04
3.8798e+10   3.7993e+04
3.8695e+10   3.7954e+04
3.8589e+10   3.7916e+04
3.8480e+10   3.7877e+04
3.8369e+10   3.7838e+04
3.8255e+10   3.7800e+04
3.8139e+10   3.7761e+04
3.8019e+10   3.7723e+04
3.7897e+10   3.7684e+04
3.7772e+10   3.7645e+04
3.7644e+10   3.7607e+04
3.7514e+10   3.7568e+04
3.7380e+10   3.7530e+04
3.7244e+10   3.7491e+04
3.7105e+10   3.7452e+04
3.6963e+10   3.7414e+04
3.6818e+10   3.7375e+04
3.6670e+10   3.7337e+04
3.6520e+10   3.7298e+04
3.6366e+10   3.7259e+04
3.6209e+10   3.7221e+04
3.6050e+10   3.7182e+04
3.5887e+10   3.7144e+04
3.5722e+10   3.7105e+04
3.5553e+10   3.7067e+04
3.5382e+10   3.7028e+04
3.5207e+10   3.6989e+04
3.5030e+10   3.6951e+04
3.4849e+10   3.6912e+04
3.4666e+10   3.6874e+04
3.4479e+10   3.6835e+04
3.4289e+10   3.6797e+04
3.4096e+10   3.6758e+04
3.3901e+10   3.6720e+04
3.3702e+10   3.6681e+04
3.3500e+10   3.6643e+04
3.3295e+10   3.6604e+04
3.3087e+10   3.6566e+04
3.2876e+10   3.6527e+04
3.2661e+10   3.6489e+04
3.2444e+10   3.6450e+04
3.2223e+10   3.6412e+04
3.2000e+10   3.6373e+04
3.1773e+10   3.6335e+04
3.1544e+10   3.6296e+04
3.1311e+10   3.6258e+04
3.1075e+10   3.6219e+04
3.0836e+10   3.6181e+04
3.0594e+10   3.6142e+04
3.0349e+10   3.6104e+04
3.0102e+10   3.6065e+04
2.9850e+10   3.6027e+04
2.9596e+10   3.5988e+04
2.9339e+10   3.5950e+04
2.9079e+10   3.5912e+04
2.8816e+10   3.5873e+04
2.8551e+10   3.5835e+04
2.8282e+10   3.5796e+04
2.8010e+10   3.5758e+04
2.7735e+10   3.5719e+04
2.7458e+10   3.5681e+04
2.7177e+10   3.5643e+04
2.6894e+10   3.5604e+04
2.6608e+10   3.5566e+04
2.6319e+10   3.5527e+04
2.6028e+10   3.5489e+04
2.5733e+10   3.5451e+04
2.5436e+10   3.5412e+04
2.5137e+10   3.5374e+04
2.4835e+10   3.5335e+04
2.4530e+10   3.5297e+04
2.4223e+10   3.5259e+04
2.3913e+10   3.5220e+04
2.3601e+10   3.5182e+04
2.3286e+10   3.5144e+04
2.2969e+10   3.5105e+04
1.4275e+10   3.5067e+04
1.4072e+10   3.5029e+04
1.3868e+10   3.4990e+04
1.3663e+10   3.4952e+04
1.3456e+10   3.4914e+04
1.3248e+10   3.4875e+04
1.3039e+10   3.4837e+04
1.2829e+10   3.4799e+04
1.2617e+10   3.4761e+04
1.2405e+10   3.4722e+04
1.2191e+10   3.4684e+04
1.1976e+10   3.4646e+04
1.1761e+10   3.4608e+04
1.1544e+10   3.4569e+04
1.1327e+10   3.4531e+04
1.1108e+10   3.4493e+04
1.0890e+10   3.4455e+04
1.0670e+10   3.4416e+04
1.0450e+10   3.4378e+04
1.0229e+10   3.4340e+04
1.0008e+10   3.4302e+04
9.7858e+09   3.4264e+04
9.5637e+09   3.4225e+04
9.3413e+09   3.4187e+04
9.1187e+09   3.4149e+04
8.8960e+09   3.4111e+04
8.6732e+09   3.4073e+04
1.9637e+10   3.4035e+04
1.8784e+10   3.3997e+04
1.7842e+10   3.3959e+04
1.6914e+10   3.3920e+04
1.6002e+10   3.3882e+04
1.5105e+10   3.3844e+04
1.4225e+10   3.3806e+04
1.3363e+10   3.3768e+04
1.2519e+10   3.3730e+04
1.1695e+10   3.3692e+04
1.0892e+10   3.3654e+04
1.0111e+10   3.3617e+04
9.3531e+09   3.3579e+04
8.6191e+09   3.3541e+04
7.9104e+09   3.3503e+04
7.2280e+09   3.3465e+04
6.5731e+09   3.3427e+04
5.9468e+09   3.3389e+04
5.3501e+09   3.3352e+04
4.7840e+09   3.3314e+04
4.2496e+09   3.3276e+04
3.7474e+09   3.3239e+04
3.2783e+09   3.3201e+04
2.8427e+09   3.3163e+04
2.4409e+09   3.3126e+04
2.0730e+09   3.3088e+04
1.7387e+09   3.3051e+04
1.4375e+09   3.3013e+04
1.1686e+09   3.2976e+04
9.3103e+08   3.2939e+04
7.2341e+08   3.2902e+04
5.4427e+08   3.2864e+04
3.9201e+08   3.2827e+04
2.6499e+08   3.2790e+04
1.6168e+08   3.2754e+04
8.0609e+07   3.2717e+04
1.9470e+07   3.2681e+04
